5
1397
30
4
186
152
10
10
46
6
6
187
10
10
61
14
275
41
32
9
276
3
10
47
6
1
1
81
165
34
644
760
320
10
5865
24
10
86
5
5
15
111
98
1
559
10
105
15
5
34
4047
15
12
13
3
1185
13
10
37
5
270
64
768
260
12
85
1561
1975
11
2
96
14
16
257
8
67
475
1787
74
3
849
9
3
195
229
1246
44
8
191
161
1
56
11
4
50
58
2
499
1017
78
50
10
63
116
38
90
22
11
915
5
55
625
15
146
269
99
876
9
146
215
226
429
137
5
11
302
12
39
55
37
198
26
213
108
45
11
53
43
125
4
1543
78
70
13
276
334
14
4621
1567
1840
8
4
1
5
3
214
83
124
72
6
51
84
92
59
298
30
70
452
2
191
4
4
3
1012
918
152
109
69
39
31
7
17
42
14
2
195
1799
2042
371
197
4950
677
148
14
182
20
47
57
55
463
15
1
2
242
13
1542
339
37
4
884
58
1838
4
1639
9
115
81
14
139
12
78
86
96
11
147
9
5
28
6
15
132
14
4
96
4
74
2498
5
159
86
8
63
299
97
12
9
2
12
117
385
117
13
45
58
433
561
11
3
9
14
326
109
16
283
11
20
34
9
14
14
3091
2918
585
924
10
1
249
8
13
37
74
7
14
456
61
8
199
3848
99
254
266
1
2
77
834
67
12
11
20
174
6
57
13
5
73
157
52
416
52
72
17
2188
1844
7
11
1263
7
126
164
46
15
156
401
134
8
107
2
156
3
5
54
193
1053
119
1
714
5
125
38
51
176
977
2
5
9
2
58
181
18
114
3
80
7
15
102
169
10188
7
11
6
132
85
203
363
175
7
12
356
2503
9
426
20
56
139
10
5
5
75
2
102
78
180
9
275
246
1
1841
3
66
69
235
648
27
66
1
58
2
12
15
43
35
126
8
76
5
233
15
31
12
44
3899
5
7
2
12
2906
46
4
11
91
12
4322
4
12
433
12
6
193
4
165
299
44
250
24
249
54
18
14
2
94
528
2
100
2254
116
4
14
6
123
12
567
789
7
14
5
1
12
4
15
4
14
9
11
5
74
131
74
7
12
40
13
29
161
6
93
60
9
4
40
8
4
15
329
33
65
1319
441
15
61
12
12
19
3
127
91
97
37
6
57
1635
29
164
170
525
961
19
71
100
40
116
21
494
2
4393
10
168
362
162
35
67
359
1
2449
1547
60
85
8
40
82
79
54
10
4
9
5
1
731
11
59
825
4461
552
48
80
46
591
76
133
1
2
1097
139
86
3261
258
245
58
7
731
69
80
63
9
15
66
195
1328
18
15
3
9
477
361
45
12
1581
127
9
405
94
15
14
15
79
9
1101
15
15
3
10
24
6
46
13
33
3
13
3
72
64
6
243
96
2
1327
7
7
1
15
69
119
71
31
6
38
103
3
355
172
395
393
7
4
3
432
112
70
6
12
1724
96
13
386
9
50
39
8
3
1047
2
4
613
12
45
160
10
7
153
9
90
11
11
2
67
11
129
95
104
13
7
3
3
12
15
87
8
13
5
79
1113
10
1138
167
63
15
46
15
3344
8
31
34
52
9
6
2
37
2
86
14
178
3
88
238
1623
605
2
12
14
301
1200
8
7
241
89
247
33
11
104
3233
8
6
7
511
14
5
3
28
39
8
73
42
3
96
1525
3621
89
2
848
1
14
2
13
5427
43
37
46
47
2
2
6
340
10
76
3
15
12
69
137
46
11
1389
2153
243
76
7
10
9
162
45
317
137
220
399
16
318
86
4
180
770
3154
11
15
3
68
1453
159
11
407
134
10
15
10
4
13
6
13
15
1
137
58
83
15
82
346
2
30
60
46
6
6
9
2066
541
3
290
542
117
5956
1150
39
192
507
13
5
3
1151
11
4
1
188
19
66
92
1
14
107
11
3
38
10
6
120
79
156
5
5
9
6
348
11
246
43
65
2
9
34
61
71
420
211
181
4
14
125
7
10
12
35
1
509
535
198
4
258
314
1
12
7
146
51
1236
2036
335
12
3315
123
2817
507
15
306
228
390
36
2522
10
200
128
57
5
62
5
571
12
77
378
107
247
874
44
510
1280
1930
23
92
1405
2022
1
240
2
93
5
2
7
5
2124
11
41
35
1712
5012
7
57
14
419
6
15
7
1039
10
40
10
15
18
30
33
13
10
109
397
192
2526
562
1373
174
9
397
6
82
226
13
10
12
226
12
1
34
1
91
176
5
7
75
2
10
115
46
6
3
8
13
723
310
88
720
36
12
41
1162
846
14
9
14
2
56
10
93
12
8
38
243
11
6
10
49
111
15
810
12
34
25
209
6
749
6
1243
248
97
5948
361
30
12
97
54
3
2
83
6
91
115
4545
5
45
982
7
1350
78
624
10
11
15
11
3
3
51
11
41
7
101
279
529
35
99
15
11
10
318
1
439
9
125
150
28
237
72
37
329
261
3
54
40
14
25
111
65
3168
4
6
15
1
1324
179
1925
2
1
54
535
8
4
15
2688
69
11
1
3
6
101
71
13
7
15
175
49
4
38
1
11
23
6176
553
51
72
4
12
8
187
2
8
18
1128
3
242
9
129
85
334
458
418
13
60
4
795
14
713
14
12
6
7
6
50
60
59
1
104
55
57
64
4
4384
70
462
9
150
7
13
34
76
767
2
6
12
126
1241
681
157
132
44
114
2
9
453
1
10
56
286
12
513
7
58
120
65
8
8
619
13
197
13
17
226
4
59
12
15
15
36
7
10
299
341
101
2235
124
238
1624
63
2444
180
22
14
2
1122
12
32
6
70
5
6
6
4
49
2111
12
85
62
90
11
121
1
43
223
14
15
188
16
11
12
35
4
937
15
55
41
1153
108
14
411
4
59
4
1
12
859
1127
8
7
1
5
254
3
187
1126
50
63
1
171
428
8
2
10
77
284
21
37
968
5
7
31
6
124
30
78
74
15
245
127
10
3085
25
13
20
7
238
3593
3464
114
5
190
187
2
126
13
2
154
331
155
15
8
34
258
15
8
140
224
12
224
8
4
17
6
2
582
37
4878
58
4
3
125
257
2
3
1
450
52
653
15
1679
12
7
43
6395
224
3
83
1
1
77
41
4
283
52
11
66
43
63
355
11
10
1331
540
269
6
61
248
660
10
9
1
47
15
1414
10
46
321
9
610
3
8
14
2
89
425
28
197
2
19
57
2
9
2
268
3
2
1326
13
206
1147
78
14
4
12
5
548
9
4
173
540
714
136
4
3
3
15
57
393
49
1
92
2
8
9
3
12
481
39
3
2
14
91
36
13
61
162
420
1
79
10
13
5
126
10
358
19
10
1
1060
7
5
9
65
4
8
5
43
1589
18
38
5327
13
4
707
11
377
10
116
62
2
4
2
60
8
43
43
288
2
3
1028
14
10
8
4
2
13
153
30
15
1
71
3
5
2362
57
84
36
31
13
421
10
114
85
7
33
20
140
18
983
13
22
31
39
11
3
831
11
14
2
1887
124
36
268
135
11
2
220
53
3
40
12
2
58
1
11
605
93
253
259
47
12
42
13
3
4
13
188
79
2
52
52
6
165
3
8
297
4
838
231
14
210
7
2
270
59
3
14
14
7
4947
46
7
15
5
7
5
96
27
1
500
96
8
619
74
9
625
138
40
15
2
44
14
3
2452
5
10
60
413
237
211
41
15
6
6
3
224
90
528
909
400
9
15
2
279
14
7
336
10
1
2235
2
6
12
148
113
7
4
12
11
6
8
2470
13
29
187
4
154
56
1
2
19
354
91
1
53
92
1
234
15
187
14
14
87
81
156
117
1
433
69
7
3
179
53
139
5
44
11
11
1465
10
5
55
7
165
77
7
8
1
2
57
917
2625
8
260
14
43
11
1785
6
5
36
306
15
2268
66
9
5
143
8
62
83
3
1289
10
7
15
8
13
494
661
1304
11
60
16
9
7
10
157
1
6
80
1
2
4
6
373
12
78
14
185
73
2
13
12
8
9
56
88
6
61
59
9
16
5
1530
781
38
12
2
4
34
13
9
13
279
88
13
8
3
20
4
52
4311
14
12
13
5
273
68
13
165
14
1
1
33
1
10
73
3
10
3
9
43
26
4
564
15
35
1
43
31
11
1249
2295
7
60
85
3
6
72
42
3691
69
9
48
108
331
797
16
6
41
3
233
26
16
31
61
958
1762
105
4
2
11
7
57
614
14
14
4
324
108
5
2
5
3
133
9
144
3
2521
12
14
4
7
191
189
8
90
68
829
170
95
40
5
11
144
3
7
1589
344
36
51
777
550
142
5135
15
737
11
68
5
91
29
42
1436
50
12
523
86
1
13
99
11
468
14
152
1
56
13
90
150
64
1665
39
81
43
12
33
11
88
172
4
16
10
751
11
390
1401
17
7
404
49
171
1
241
15
12
14
12
191
31
69
2
1
35
270
10
136
872
35
4336
176
12
258
20
50
5973
24
61
13
355
56
8
10
12
12
313
23
4
1
9
9
15
46
9
201
9
3421
13
35
188
68
578
610
1557
399
15
35
6
12
6
44
11
5
94
851
8
311
128
18
13
209
4
1
90
83
45
12
75
6
7
176
3
34
14
45
442
1089
53
34
11
48
7
29
4
8
74
75
12
14
124
977
1374
15
4
3
497
12
83
2
14
7
41
13
737
15
43
56
9
470
4
188
7
62
456
12
83
2761
2
179
146
14
3
12
7
37
15
49
62
364
40
4
525
946
46
282
3
1446
2
4073
107
1
133
34
1
229
35
4
359
9
54
59
100
59
15
168
29
15
62
104
156
6
1
83
1
22
37
11
1
109
5
98
52
1
1347
13
5
84
184
51
59
10
113
89
463
54
8
2
439
306
6
162
13
129
8
202
731
13
155
7
15
62
4618
111
14
15
75
13
15
14
899
199
12
6
41
38
54
15
8
4
14
11
1929
512
8
9
28
6
58
5
31
171
70
7
3
8
43
73
2
12
15
4
68
77
13
78
35
4
65
32
3
74
29
5
1061
6
163
8
1256
5
5
39
10
57
61
15
288
41
5
5
29
11
8
136
909
6
281
49
270
2723
253
46
11
3843
34
2
81
185
40
94
9
3028
82
8
5
2366
3
21
14
202
7
5
4790
8
3
66
8
6
23
14
7
103
48
329
33
161
8
20
2
15
3
2204
164
5
15
8
48
5
182
599
524
56
1271
3
9
13
4
3
27
13
12
51
14
2
8
597
4
2
169
18
22
93
14
356
11
8
9
14
8
19
112
84
13
5974
14
1857
13
227
3
14
6
11
7
7
48
15
4
7
35
4
60
8
3
15
15
30
26
835
24
44
3
17
45
87
453
262
1038
3
15
106
13
601
2
1735
9
310
2
755
2
5
11
3
98
5
2107
552
15
524
2549
59
5
109
13
51
14
63
43
69
4
96
2
5
10
11
2746
2
95
1019
12
62
11
53
51
4
4
13
138
215
75
1378
23
945
115
95
3216
8
6
87
12
6
4
785
79
1055
5
2131
3
10
13
14
421
7
418
399
119
13
13
2
1650
289
4
9
89
67
64
254
81
46
4
3
15
4
3
3
14
97
290
4
56
137
9
71
2440
576
3238
91
11
63
48
1
1
110
6
3
8
2
262
7
1375
1
52
50
195
9
6
3
135
83
11
47
38
2
10
11
42
62
1
7
4
35
60
6
31
9
6
9
13
97
8
1515
52
15
407
2
16
10
1549
63
107
2
272
622
3
9993
15
2231
6
59
5
57
5
85
10
1
11
38
457
6
1
11
4
11
154
2190
4
55
55
3
44
1
80
578
13
45
2891
14
221
838
87
144
115
46
377
16
112
46
680
37
4
8
188
3
415
82
10
132
39
4
13
13
47
32
10
2
134
77
94
3
6
9
142
272
15
8
8
1178
562
3287
260
5
2
4
3
394
76
500
72
78
7
58
273
3
73
2432
803
4
183
114
20
50
960
197
5
44
70
248
380
478
2
7
224
4
8
80
527
9
112
5
36
41
10
163
1
7148
14
4
58
15
10
6
9
4
617
81
602
63
5
6
11
45
85
194
1118
389
5
5
34
164
7
37
1389
244
16
5
13
42
12
48
2
392
367
14
79
685
62
221
122
163
11
78
466
15
96
15
165
9
800
27
40
44
15
3
209
425
48
11
151
162
5
36
153
37
119
699
61
6
4
14
2117
2
128
3
15
1391
70
12
14
15
7
365
119
3
12
692
403
7
7
12
68
34
3057
54
9
199
14
15
1
106
881
10
148
2404
11
1
36
52
3
705
3
1030
88
80
60
5
9
11
1354
15
184
75
4
51
1
86
12
2
316
165
17
110
106
99
4
86
4993
88
66
35
76
3545
3
44
126
5
52
93
7
9
6
53
14
10
3101
56
2880
90
13
11
5
52
2
6
14
2
40
10
125
9
79
7
15
3
12
98
15
15
1
396
320
2
62
10
4
181
457
8
1
96
332
3
141
158
984
10
1
105
438
35
124
3
192
7
11
8
43
3
119
12
15
6
8
2
70
5
10
175
67
1
38
11
401
200
8
8
13
10
13
35
44
3
237
112
11
99
1
46
34
71
89
105
822
8
184
160
66
156
33
60
92
601
6
4
1484
5
165
115
14
66
213
4
2107
8
217
426
498
80
96
261
203
117
34
620
743
4
14
9
251
132
1324
87
1
134
2643
420
8
134
314
429
167
9
10
15
31
2
70
11
10
76
10
98
46
61
29
4
4
7
225
26
15
329
4
954
14
9
6
614
36
16
3
659
469
15
6
38
10
236
7
15
65
31
2
124
5
22
3836
1
26
478
40
2261
58
38
597
37
5
196
134
49
4
141
257
70
10
13
347
13
342
35
46
9
16
12
30
4
71
6
11
66
178
129
11
68
32
92
56
67
104
7
1038
12
3
94
1318
174
161
214
7
139
4
13
5
73
3
7
2
12
7
8
1053
37
238
992
3
73
202
8
36
11
722
1
438
289
12
3
826
3065
3
2
7
2
1468
11379
8
9
1553
55
4
115
210
141
5
13
569
4
15
93
5
2333
87
2
752
4
102
100
175
111
98
31
10
74
794
97
639
9
41
95
10
14
1024
46
614
4
6
855
637
7
44
3
558
597
67
114
2
11
7
1
5
11
41
399
15
694
4
50
44
43
111
71
15
423
142
136
6
1
16
51
232
61
2
692
234
5
80
270
3266
48
164
6
15
187
88
5
9
62
14
11
225
5089
1067
4
1120
222
10
348
60
1236
8
356
84
1
11
37
80
12
42
1
148
7
6
5
358
4
138
82
70
57
123
4
15
40
78
2106
14
82
1713
2
343
110
3
3
1416
97
266
128
45
181
15
35
8
53
8
10
844
1065
6
69
13
206
40
16
1
3
116
6
15
59
13
14
10
41
1608
7
36
62
4
1089
36
2
68
2
271
42
234
13
25
28
222
70
1
15
4
3
86
62
53
860
11
10
138
91
23
150
167
256
1064
15
3286
1272
119
71
2629
10
14
9
12
63
10
2211
780
13
12
12
10
1346
941
42
15
28
14
1784
4
77
57
7
8
3
104
788
7
5
24
307
1761
191
4
275
7
121
13
2
313
310
60
2
118
102
6
444
15
588
9
5
43
290
15
88
86
8
22
48
2
119
12
3
36
15
3
391
84
13
112
1
95
6
45
70
19
7
543
95
75
503
12
2
4
320
15
34
13
62
77
33
8
13
8
10
5
47
57
39
14
1
2
4
14
309
148
16
14
194
2
8
186
22
264
3613
3
40
259
11
14
189
8
65
13
901
10
72
14
6
7
100
41
14
273
5
10
205
3581
4
135
4
8
5
45
115
4
53
63
65
6
12
1
8
103
14
94
66
364
15
9
7
711
9
824
3552
144
9
48
8
280
11
39
156
2
14
23
81
15
77
68
5
10
9
54
37
41
5
6579
4
2
1532
106
46
6
5
112
84
4
4
58
82
29
2
704
8
67
10
12
7
9
159
7
31
8
72
1
9
38
100
58
304
8
251
16
292
26
6
116
12
11
6
12
10
61
1376
121
5
77
50
14
37
91
56
95
195
4
120
150
38
78
42
62
15
15
59
3
9
1772
52
46
33
59
6
130
4
619
269
1187
2
8
15
9
3
54
96
45
1683
1
83
8
1114
1409
49
8
8
9
28
1928
3352
1129
100
52
1087
112
4
94
15
16
59
11
60
23
42
1048
821
42
65
68
28
5
14
6
6
2361
232
58
2
10
2
2764
28
281
248
756
12
65
150
663
578
6
61
35
8
150
79
11
53
8
15
75
15
143
13
3484
134
50
15
8
41
207
14
2
109
16
15
129
4
38
466
81
2
56
15
67
12
86
121
4
13
782
3206
1985
104
60
210
7
3
883
36
10
62
6
2
398
82
2
108
9
12
69
15
545
1
538
37
749
1082
24
552
57
161
6
62
4
1069
47
585
424
72
14
79
168
1
133
41
11
85
394
6
13
52
105
46
3
10
3
12
311
115
42
371
578
142
5
45
11
52
176
606
3
187
31
24
7
8
8
6
34
10
87
6
74
13
2
1
1073
176
64
1613
11
12
79
2
11
367
556
286
147
50
530
11
295
7
8
15
22
25
14
90
170
72
10
181
67
3
256
1640
79
10
1042
14
289
12
39
148
8
275
15
157
8
310
11
11
8
566
86
8
116
959
690
14
11
1
11
46
3
3
6889
13
48
9
80
30
4
146
2
58
14
90
240
1
3
4
2
9
67
8
10
455
776
243
49
708
12
47
6
3
14
377
80
6
11
8
102
76
14
7
269
2
36
87
5
8
4764
69
2
11
10
4
15
85
14
129
60
10
89
12
52
36
196
148
3
744
15
742
121
72
12
262
10
119
37
95
111
53
450
74
8
65
101
12
137
152
15
12
5
70
60
130
34
141
206
7
52
39
38
8
83
294
7
4
3
3
13
763
704
6
170
104
9
393
115
8
4
6
3
6
12
58
564
1
8
33
23
126
9
2410
5
41
1
137
158
385
7
116
71
8
88
580
43
40
13
11
200
36
649
1
94
9
10
52
7
15
30
11
12
51
1241
42
43
7
41
9
423
10
2
12
49
2118
210
1567
734
5
10
15
40
12
15
40
304
1885
7
34
35
2
12
11
14
5
598
156
71
2
2
37
117
42
50
48
2747
32
97
112
80
286
11
94
102
11
2
39
36
11
3496
10
404
3
2990
319
219
15
5
23
69
8
14
5
7
1
6
13
65
78
4
10
48
2
122
5
149
30
17
6
49
10
12
6
1
81
65
10
13
63
8
21
21
208
114
4021
10
3885
121
51
2
191
106
987
6
12
151
2258
68
6
204
14
541
210
15
123
5
35
3
25
6
12
35
32
1687
75
15
832
11
20
353
635
58
12
1034
112
80
74
62
61
237
56
81
11
57
10
107
7
115
66
44
56
23
949
60
6
30
7
270
39
195
312
10
14
2
2
140
5
6
77
148
121
12
7
151
183
1
106
1
7
14
4
122
955
146
67
14
275
90
578
35
12
297
80
863
142
28
621
7
94
38
1
146
121
1
9
932
9132
2
1
1248
67
4
13
554
578
13
12
11
154
228
41
5
2
9
13
425
545
15
3
191
8
71
80
7
6
1855
526
286
58
14
11
475
32
37
191
47
46
343
195
59
5
387
159
15
51
79
9
94
65
29
817
21
12
8
52
36
6
71
194
11
15
6
6
116
51
253
5
40
113
1121
11
102
9
3550
7
151
14
81
125
162
4
71
390
31
153
9
7
5
58
160
32
15
145
14
378
9
3129
375
27
78
12
82
4516
4
9
63
3
1
102
10
13
6
1
70
17
50
1933
3012
10
1373
68
9
2
15
1756
86
63
1239
1
4
37
78
12
5213
4
8
278
13
58
28
117
11
1227
46
15
36
12
9
530
12
2246
821
342
7
14
4156
7
238
15
74
8
2
34
333
188
12
2
78
861
7
7
2
165
10
55
42
2
10
11
1
483
60
138
10
88
58
118
1
10
85
227
1
414
14
75
7
102
145
65
34
1673
31
316
3
52
12
15
89
109
34
9
15
175
51
76
13
65
3
721
7
4
6
2
63
15
8
190
14
180
70
67
5
68
51
6
1
134
99
196
89
8
105
2
336
4
11
56
8
8
42
44
119
2
250
9
13
40
216
105
197
36
183
16
15
14
2
292
162
205
177
3
61
39
4
3
13
15
15
1
14
9
106
5
60
83
45
6
5
79
11
11
755
110
12
13
5
134
148
125
6
1621
5
15
310
5
1
6
25
14
53
5
72
4
12
324
92
5
820
79
13
13
1607
13
3570
63
68
2
50
62
61
68
104
1
8
127
19
13
466
162
2
2
9
13
110
60
9
12
215
32
108
