5946
12183
13124
5243
22114
12986
9533
19749
13967
2506
2373
13425
3134
12688
7194
3267
10778
6714
6074
4184
4937
15143
18154
18932
4995
3873
13479
1575
7071
13455
10502
8715
1763
6318
18665
1135
1233
1141
9761
1424
5995
2356
10157
17544
12271
8130
19014
3943
10667
12333
17786
6814
20024
1112
12175
2810
16120
9872
7964
3360
2368
10428
9903
4426
18725
8163
14638
19085
4940
16301
20887
8654
1364
3376
13627
1169
1871
2822
3287
14590
16658
9118
4285
4757
1324
22161
5413
21089
7384
13126
1065
12340
6933
11474
11581
8808
2557
3867
3421
18561
18094
17137
1901
3685
3676
2923
4989
19079
1193
13539
5981
10600
3571
6272
9178
5844
8052
3149
1913
8239
6341
9481
20161
11843
4891
9215
9924
4561
8568
14037
6687
5933
4335
5430
7243
1798
1687
5523
14223
16157
26824
12516
14783
2303
20310
2904
1464
2506
2662
10699
2548
3805
3777
8727
8534
16097
3042
22667
1587
17967
1055
1889
4330
21873
18603
1740
7825
5909
6199
4576
3366
1711
4758
4704
11848
1270
8604
12804
8833
15494
2730
8607
8781
7471
11644
1348
12414
1038
3605
3121
21759
5249
4519
10236
27287
3173
23203
4515
2136
2035
13592
6079
16313
2663
3383
4743
12955
5458
12943
30129
2127
2503
10962
4923
5557
13298
6636
8428
38780
1534
13202
6148
2576
25795
10821
2850
23844
2153
2652
2490
2499
15525
6822
9012
14718
11267
1867
1121
2343
7171
4615
7289
13302
12249
5477
4896
4663
6149
3603
5982
14743
3088
17691
12286
1023
6308
1554
1557
1741
2425
9338
17119
17228
8588
25815
15664
6634
11765
6525
8079
1790
5868
4308
5651
2563
4118
7826
9473
19364
19442
6232
15700
9433
14615
3074
1526
6253
2299
10424
18809
3907
2502
4156
4229
6258
4337
12698
3974
3515
1946
1691
4658
1747
10006
2739
6495
13941
7226
2761
12160
15421
7597
3032
6945
7000
5035
1478
21779
17586
17262
18789
19229
12591
1067
7411
3346
10656
21070
3432
24158
3246
14461
3252
1892
4833
3869
2113
10991
15738
1719
12121
9711
7044
11612
4953
10359
10922
12278
5381
5341
2706
4573
1839
5054
14454
8785
4879
6323
21703
3673
17877
11655
14022
10420
6453
18116
20559
2848
20239
16305
2525
7704
2966
17034
1626
3198
2355
2624
17900
2986
7659
4623
7683
12105
18509
1311
3101
7926
14513
2739
6011
11660
10666
4473
21337
1787
12473
17928
19110
19841
6705
1182
17858
2559
5552
5872
13763
8755
17169
23204
1508
11474
10372
11370
19597
15367
9527
6082
14671
8608
1047
6964
15324
3317
18846
12193
9584
19628
8210
6414
15086
1851
3809
1129
20035
7905
8100
10381
9762
4999
14295
4954
1868
3618
15129
6737
22035
10380
13014
14303
8898
3539
14089
4283
4759
8352
10409
9510
4736
12283
18814
16778
7460
1620
14461
2422
4955
7251
16170
9896
19668
12588
2268
12108
7392
18655
19259
2407
3476
2802
1003
3463
24364
24371
9041
21831
1014
3831
7561
2003
16053
6815
9977
23769
6513
11305
9153
5325
12430
1759
24942
10055
3988
10566
1239
15441
22616
7896
20195
3285
7818
13554
20733
3285
3239
3553
7015
9769
2488
4750
4736
5245
9578
2981
15071
7677
3581
2478
1277
2973
16152
14770
15465
13212
10055
1844
12090
14585
1715
1719
1580
1590
3086
3632
6135
7000
1953
9536
12813
18958
7006
14889
13314
8209
7636
7144
5720
1895
8305
21431
10635
1697
5966
9969
18563
9787
4857
7318
3318
2112
5579
3044
1883
2015
9034
20008
23029
3591
8624
4993
17873
1390
9227
1728
13106
10665
7100
15826
1517
3764
2177
3436
5691
3471
3386
1140
24816
8621
1130
13941
3562
17064
11393
1028
7664
8271
9033
2148
4094
19527
16160
16830
12133
4359
2407
8440
17151
12974
3527
30493
3336
3754
10676
17975
13100
16245
7467
6746
19163
1880
7473
9132
7973
7802
9793
8400
3062
2531
3866
1240
2715
6963
6880
1656
8134
1022
6930
3501
12569
4087
15021
14925
8578
2815
4187
15859
1431
2051
7083
15914
5629
3999
18686
9244
3845
11476
12480
6957
15041
7805
15897
9515
15346
13430
2541
22763
25562
15892
1660
4592
1328
7407
23876
19404
4563
2929
1567
17507
34747
13142
2911
9744
11865
14522
4973
2358
7817
6640
16683
9178
3326
14019
8826
8344
27350
13286
5215
2629
1556
11272
20123
5319
17502
18328
17632
23522
11810
17367
15484
10278
15148
19865
4988
16459
5046
3074
9760
8202
6582
3004
2801
12107
5724
6476
3668
2247
1313
12964
5938
9208
3473
4816
32044
7032
12502
17315
16405
4040
11332
2581
6079
8004
4507
2066
16600
10270
11871
4330
13092
4682
12137
1952
7889
19892
13996
14631
11412
12551
21285
6189
20002
11158
25695
4523
19003
11716
15850
4162
1970
3646
5555
12645
21963
16712
9989
17333
12113
2766
2992
6219
6634
5865
5854
7679
21537
7499
17444
17168
20766
2852
21203
19532
2217
18902
2083
3406
1376
1367
11413
1327
4692
8637
5510
7048
13178
14950
5646
5850
10195
4131
8488
15827
5144
1132
24444
2305
21517
6529
4600
16333
1451
2524
2723
4333
7271
2861
18098
10076
3028
23181
7677
1397
2844
2826
5309
9792
15328
11714
3064
3577
3209
9196
4577
17568
16500
12192
4693
12744
4332
11222
4378
1883
7861
18882
8206
5443
2266
3002
6038
16962
9550
8788
3030
4584
1730
5590
18826
12909
18532
5958
9318
6622
6692
5877
11530
19263
9960
2592
11230
17516
3037
2805
3766
7996
9148
13880
10256
12085
10027
5810
5827
8321
3991
5413
8138
3026
6936
5610
14426
12876
19237
2644
8913
1363
8755
9813
9291
10245
2992
9126
17975
1049
17007
8549
1295
3358
8881
9443
7254
23776
2575
17589
5905
21869
7354
4166
1276
16170
3332
5578
1961
4716
10304
24842
1923
1713
1800
1770
1799
7769
7420
6240
15755
5592
9268
6931
1515
3387
7517
10365
14042
10585
23189
3007
8793
11659
2706
14800
14449
1977
13849
7927
16113
3399
10277
2311
1846
3270
29281
7735
8133
14601
4356
3750
12533
15898
3758
20049
13801
3076
10123
6501
10686
2389
7690
3620
23786
3235
9474
3303
6504
7304
16065
1861
1338
17461
7909
4843
7183
3531
11868
30905
6401
2644
15918
12178
6133
4983
2786
1335
4209
1041
16597
1246
5825
13568
12033
18423
5549
9520
10186
17396
9167
12286
17314
17013
1805
23263
2348
6722
10242
11581
4168
3485
1148
9487
5161
2004
5019
5140
20144
4356
2949
9754
5405
7620
10478
14767
2992
9380
6427
2214
2564
3296
17235
6012
3033
1277
1823
1950
1918
3618
11871
6650
12389
5141
30436
13673
5676
10730
13232
6243
2645
2480
17595
9111
6482
10994
24227
8169
4012
6979
18627
12377
9371
13044
2214
10826
5543
12473
13469
2995
15480
15458
3665
1466
2182
4370
6672
6205
6880
7549
2859
3344
15017
1050
5773
17273
7630
5784
9674
3943
3920
7677
21117
3546
7203
5363
4530
2037
2022
9165
2109
7535
18637
2996
11048
15432
8408
11481
25852
5985
12891
12551
14340
3574
1385
8018
4232
2962
7094
21146
2833
10430
13636
8181
5043
17736
4031
8376
6482
3783
7233
8219
22689
11672
6603
4662
18043
3125
10298
15197
14493
13237
11982
22001
1582
11153
17846
12326
9687
1798
6967
6126
8401
14538
13596
1764
19231
18462
10434
5561
1358
1595
13267
1302
24783
5867
15133
3209
13132
14538
3831
26316
1933
7058
11365
2845
7861
2215
10978
7247
16878
10956
2944
15643
24412
13048
3117
9515
5132
19550
18821
17485
10150
12696
2387
3275
3454
1329
3219
2140
2727
1441
5156
6816
2580
4960
3697
2039
2027
1994
2043
17077
3107
11231
11480
8263
11548
3173
3438
1513
2989
5370
9897
2618
3017
12403
7989
2570
8646
2298
9976
2815
9563
3633
7518
2394
2362
17525
8178
22584
10243
4948
16918
6721
1898
2284
2027
24594
4954
4842
12971
6016
14455
2111
3246
4356
13038
4602
5895
13078
4771
5538
8898
13459
1312
5457
9816
3512
12280
2825
9477
8275
9733
1217
18782
5868
5579
19493
3254
1150
1143
1184
1088
10103
4815
8745
14355
13319
7330
7823
8280
17340
26271
1726
6978
13370
18128
7248
1567
2280
7936
15814
5414
8903
5152
9980
1774
1512
1868
7078
16250
2506
17586
17000
1829
14763
6261
1486
4098
3131
6642
16458
11394
20786
10977
8889
11457
13330
12538
13744
5552
2577
2474
3518
2620
10314
5858
9305
5282
9864
3878
2647
23339
16158
10130
21011
4409
2046
6577
7468
1326
9696
2088
10033
5729
12610
7348
16596
1411
1398
12340
7926
11536
12649
4890
6384
4357
25801
3319
9607
12216
4866
15491
8596
18042
12540
7185
3496
10118
24747
5180
5450
16574
7624
9603
1380
4146
3403
6322
14743
17984
2819
12505
14471
28736
1383
2072
9186
17720
19547
4311
12608
2393
8070
3710
10753
2412
5296
1071
17238
11423
2719
16711
7305
5243
21896
14383
10775
15327
2636
2435
3063
5561
13828
16534
11546
1274
1352
5648
19464
7785
11044
2022
7357
6719
7588
3414
1921
1957
9281
6061
3133
7553
1962
20156
3149
18285
7730
10787
10395
10447
2077
18477
17076
21054
9052
12852
4318
9292
15642
3853
8922
13535
15261
14567
9277
1622
7520
18020
5250
13366
10090
2052
3899
6773
20724
13845
7525
14835
11526
2915
6574
2108
15857
11058
7677
6109
2751
8175
4571
1973
14635
11058
19900
3044
3055
13899
3053
17196
5038
3394
5750
4154
19566
9414
2843
6179
3683
6019
16630
21749
9089
16518
5028
18109
1871
5743
11570
12535
20499
5669
4656
19584
11628
4857
11845
10655
22193
17987
2454
2160
10049
3699
2293
15333
11647
4112
8863
5680
6259
2450
10679
9224
12003
22106
9384
1047
13885
2719
6470
8718
6855
4771
4147
12448
9727
6737
9093
18022
18388
4544
9591
6853
9174
1350
1323
1351
1300
13071
4724
15247
2283
14835
14466
18076
12913
3083
7421
14535
5174
19213
17576
2573
19854
8875
11188
11935
8722
1957
1959
1887
6376
5679
10905
1375
7770
1882
2394
9448
7985
8141
4139
19048
9984
5294
7354
2850
2949
9498
2137
5601
19795
2566
5289
3244
16936
15290
22301
6970
6057
2830
6076
1622
16640
9891
6620
2583
19337
7863
13988
9831
10359
18896
11661
6505
12155
1834
9221
8939
15804
15054
7211
16323
10405
25471
9690
4851
6496
4862
2298
8591
9971
6062
6795
11503
15756
7936
6040
3175
15752
8822
3747
5144
6413
8928
2088
2618
8016
3853
2401
4221
16166
12485
10296
4730
2428
6284
11743
9474
12556
19375
9339
1688
2164
2113
3171
17962
7910
10160
6394
5406
5098
3132
16627
17502
11345
3567
5168
4160
11728
1361
16619
20465
21344
12177
4535
3525
2420
2978
4130
21042
19511
6632
2897
20578
8554
3190
19800
10206
3017
13282
27160
3273
3238
2687
5456
8539
16702
3200
11132
23536
5545
15034
6791
20097
1430
12843
17899
7577
10616
1629
2569
2382
1716
2588
11872
2833
11708
7690
9435
8035
22139
13270
1444
1537
15746
4883
1324
10502
5370
9819
20450
2111
9917
19072
8246
10742
11708
3617
2721
2694
1997
11396
7921
25525
14421
4404
16628
2924
11507
2344
1031
4030
8629
5127
1917
1003
22386
10532
6040
15193
6534
20112
26528
4260
9578
7517
12014
10851
5090
12128
1582
4856
11018
15154
4134
16319
14019
10269
9933
9266
1698
8565
19975
10664
3805
1820
3441
15137
6143
11051
4149
2472
2700
18856
14666
5509
9910
1585
3161
1207
13046
2774
13989
11016
8864
1417
6373
7228
6224
19457
2779
11845
2415
9550
16267
9278
8652
3592
12574
18074
2308
3663
24797
3729
9059
1223
7565
17280
12255
11865
4445
10560
1526
10593
4299
3951
1371
1192
1395
10465
4004
8717
1144
2466
7172
9022
12987
1973
17219
3907
13313
2513
4357
2353
15267
4786
12684
13180
19255
15452
11379
13569
2595
7318
15975
4513
16703
7048
1292
2204
3596
1429
4573
11100
12636
16422
11760
20965
11042
12017
12448
6790
20604
16890
1181
3958
17397
11385
1709
19139
10865
8440
2897
18602
20507
10619
22361
11271
11649
1301
1366
2549
9647
6771
13078
3819
3853
5376
10567
15206
10361
6919
14328
6461
34949
4172
8053
8325
11456
2899
2891
4683
15332
7564
4846
7125
2765
13820
22409
17060
9499
7470
9903
14277
10579
2364
11923
6070
12788
2875
3823
7930
3967
20024
14920
12839
6315
18160
12152
4631
3885
6227
12749
11205
7039
8626
4876
4432
10591
3848
10294
5818
9571
14350
13899
13778
6459
5624
14997
4787
6993
14033
2604
15970
3141
5360
11746
6062
3743
5917
2576
6925
12533
3245
10670
15478
10799
18594
6920
2619
1648
8403
8552
5279
2339
16664
6759
4752
17009
3209
9308
21532
8396
6254
6312
12254
19506
2559
5517
6673
21683
7816
18957
14048
16316
2006
8873
9703
2539
4246
10050
6608
25534
22962
4939
19523
3144
2850
5909
10479
4746
12060
20117
2414
7825
2190
22724
10038
9109
18191
19144
3422
4764
20038
8331
8607
1939
25351
11623
20905
18886
3871
6698
21838
1932
4649
4405
3313
3489
21575
10613
7697
9994
9780
6294
6487
1325
16679
5442
2378
15731
2170
12926
26584
25965
23564
6607
4002
1894
14551
17841
2368
27985
6127
1189
23143
6248
1254
5710
10386
3661
19408
7026
25437
1981
7608
8758
11238
10687
4029
6325
3577
7282
21126
8765
27009
4486
6573
4460
3190
20677
2607
7010
15798
17520
7435
14629
2557
1742
1803
2731
5819
5165
11775
16989
1828
13018
19388
9140
3873
15518
5114
14310
16369
4467
13369
18882
1318
10900
2730
12215
13531
14028
5577
7209
2843
2732
4038
10057
7835
17861
6386
19323
5481
4516
4457
21427
4866
4086
3871
3381
7157
20928
17118
1243
5016
4904
12282
1364
12413
2662
17902
5053
3773
1128
16861
18676
1514
1052
32239
10768
6561
12177
20520
2286
4174
3924
8627
2935
8149
3363
7871
1193
2496
2224
3788
12166
1392
12536
10572
8224
9638
19486
9209
1592
8608
4722
15017
6682
3543
21394
13275
15123
3750
3183
3124
16938
1016
17161
11742
10957
6927
15018
2913
14259
18894
10007
7749
2823
9354
2808
4791
21461
23121
12303
10534
2663
15000
3287
3233
12639
3520
3216
8913
12181
20045
13822
11765
14649
5398
11500
3581
4412
7010
11624
16819
5266
7146
8934
7457
18025
18223
3084
2324
1887
1807
12892
1745
5812
22972
14861
10372
2640
3279
1624
21526
11365
7104
2377
10386
1468
6819
2885
3496
7050
2563
4493
3766
1273
2272
10824
11433
12415
7486
11940
1705
18749
11409
3028
7360
2794
4957
5684
13168
2457
19054
6672
5233
6118
1032
1060
6362
12884
19650
8007
3692
16338
4670
4776
1484
5368
11693
1539
1557
6569
8348
11787
5082
7695
2005
4675
7570
6275
4483
2589
5464
2903
6747
1915
1952
1357
1528
9897
11660
11835
8573
7157
25071
4430
13718
4063
15965
12351
10357
4364
10600
3011
7795
5894
5541
6927
19190
1970
1322
15607
6191
9482
4837
8217
8200
1063
19276
2199
13766
2592
2340
2023
8969
13515
10591
11316
9676
5834
18529
1964
1904
1961
14511
14092
17147
10170
4742
1121
1120
9749
6861
9167
13011
6107
9096
6624
6346
7779
4173
10087
11876
9252
5356
9096
15390
8060
34766
9893
5292
19802
6865
2341
4847
3096
15286
6296
5475
9362
3147
7390
2962
8484
2127
8083
1607
7691
1338
16144
17523
2033
1462
1626
2035
1955
2000
13779
6981
3356
1200
22044
4023
5469
5863
3417
2207
6339
1916
7731
15038
2802
3477
4784
25586
4633
2412
13997
17663
13958
16479
21571
10797
4510
13173
6867
9723
1051
21182
2819
2848
18564
6669
4983
1794
5918
3405
14295
11320
2897
6737
18622
14276
12931
17031
14557
5842
10750
11599
1920
1997
5452
10008
10769
7149
12744
19470
7563
6127
14906
14246
22041
2204
3126
7730
3188
19244
3631
4361
17090
2007
7112
1651
23430
14874
3970
2080
1995
2285
10470
20239
2368
11121
5490
11501
15460
13223
1449
2531
6079
1135
8097
2151
2215
5571
20831
18390
7426
9386
26786
3690
13733
13015
2630
17165
17166
10799
4344
4753
1577
5543
11371
1908
7205
5209
8983
5242
19039
17851
4674
18262
2540
2319
2644
7520
1912
11457
1474
14255
7442
4374
11567
2046
3517
2855
2722
4869
2218
1963
3577
1710
3517
5129
17953
12896
7885
12210
5149
17310
8804
5063
19455
3769
2697
17069
13000
1128
14357
25020
23254
21223
3240
24910
7248
4442
11897
4967
7086
10812
8073
3285
8687
8149
14436
15399
12876
13838
3831
8968
3934
6734
24915
13929
2059
3382
9903
11884
8925
20077
7572
2668
17492
2042
13689
1649
6045
15626
5499
14527
15551
7153
4408
6423
4531
16802
19466
13370
17075
14396
15444
6957
1149
13688
8109
12148
6243
1867
19462
21116
1103
1123
7356
4185
2882
2756
3616
1144
5826
19567
7937
5917
12085
13187
13448
4093
1466
1639
10988
3772
7899
3149
12523
9802
9796
3082
2311
8087
12879
2462
23935
5916
3032
2413
2538
2874
1458
8595
20243
9750
7662
2729
13364
3888
10876
1944
10451
8456
6804
10341
16224
6132
3891
1530
19360
17070
2831
10647
23670
1805
7828
6230
14773
13359
2669
16533
12701
3593
13766
1654
13795
6372
2909
16894
19091
13770
20674
10844
18340
5141
14482
4797
2785
5276
17443
15506
4921
3653
5307
6030
15834
13933
8932
1631
8136
20106
2970
8863
13790
1560
8421
1051
4277
6759
15994
1800
10956
8049
7944
12866
2232
5812
8062
16742
3636
4912
5003
3302
5546
14433
20927
1923
19170
16068
7823
8302
2274
1386
6384
17351
4662
15942
3276
6384
3454
17471
6056
8597
2347
16037
1343
4434
18620
2751
10590
6669
11325
3001
22767
9001
1136
1274
1856
18137
1373
1448
1386
5634
8207
18946
14435
14323
5401
1951
14107
6998
3654
2161
7147
1877
8920
9112
6398
12514
6915
17475
10539
5021
9625
4937
9131
13884
12775
2533
1462
1128
9889
5813
11791
7132
14230
3813
5967
8347
11460
10462
8341
16750
1029
12887
18257
17028
5716
14070
2797
6774
2257
20690
9308
7867
19514
3630
2743
9907
5544
2687
9073
9561
15873
3050
12993
22514
16353
3361
3221
5780
16721
4407
8782
4017
10498
15994
5846
5811
10333
17626
5674
1783
3339
9106
12801
21224
17136
1739
1386
4014
9194
2678
1127
4217
2271
18347
12337
16910
3473
4718
9850
1957
5700
9787
16322
1116
1009
5212
6293
11715
8978
8980
3710
20634
2910
2555
15451
11198
2376
11299
2673
14000
11764
9963
25675
17949
17664
7931
13777
1715
19865
10371
3082
8195
17496
2407
9038
3614
6557
8565
14817
3588
2799
15006
6431
17501
4956
8561
2229
5531
2382
2323
12098
2430
7347
3957
4917
7506
1853
11378
1187
6136
13669
15127
21252
1378
17807
1184
11734
5537
7233
12530
23775
8514
4388
8809
4674
8270
2682
9466
4266
6178
16465
10120
1617
15522
11823
10115
10772
5987
3707
18806
15709
2367
20978
16150
9131
22980
2126
2209
7649
14668
26862
1502
7866
11835
12426
9540
11248
19937
1165
15657
19432
7237
9454
11833
12849
15241
17888
3018
10475
6554
18563
1133
13907
22049
2165
6485
3511
2022
26025
10231
16988
12963
3471
5605
14056
5064
20559
14223
2495
17850
13533
19256
20943
7046
17601
1521
2875
2648
15502
9081
7714
7761
4127
2354
8716
1655
9731
22841
1598
6725
2852
6761
2961
5994
1478
14069
1232
7769
8531
6220
21450
15597
6031
1654
7956
11307
2443
3396
11635
25262
15841
13762
8860
16130
1959
5055
8023
13154
11956
2382
1680
6693
1010
9568
16685
8736
15662
12991
1466
8431
11925
1036
18864
8964
2651
12944
6954
8269
6820
4316
7888
4352
11693
13127
21310
4440
7410
15200
18747
14111
8185
2755
3911
1386
7927
9517
6208
17780
20126
4928
14592
18791
5570
3288
7927
14079
8408
5851
11038
4237
11126
20097
22088
16417
6023
9504
20117
4796
2432
4198
17678
16316
6457
7751
4510
2381
8396
17458
3043
8545
10663
1975
20759
9620
15033
16787
3246
13797
8458
20208
15534
13545
25362
18060
11569
1266
11744
9835
1758
5312
6962
3403
10256
4214
19565
1218
11513
3367
5012
3316
10838
15384
3580
14639
6273
3033
4465
7784
18819
3569
2473
13874
9185
3408
2397
7686
1035
19418
5306
15187
9386
8827
8022
6219
9771
1447
2866
1901
1876
1915
8013
6173
2995
4675
2721
1265
6449
9703
15825
15859
14315
11109
4773
3622
11525
20319
6361
1023
11338
2275
19762
12179
12014
5992
1261
7840
15218
7754
4746
16342
8901
4351
16572
17650
5816
8514
2725
15152
5866
5424
6051
4570
1044
8009
6941
10051
15226
11354
6709
8418
14530
3308
5640
16928
3905
9473
15663
12519
6711
6364
5072
1474
13276
3270
16432
1046
21353
12956
5024
7807
1278
1293
1370
7989
6638
5193
9939
2881
14015
6255
19055
9690
13736
2126
3443
9062
1275
2569
17601
9287
36270
2203
9180
2509
7044
8640
9058
20325
31603
17081
2625
10693
2841
17060
9865
10319
8364
11494
14911
2400
1622
2273
17878
3950
19092
20677
12319
7516
8962
4880
17178
11386
2795
4276
4162
1526
14679
3588
5257
7051
6100
18072
2977
14149
5052
10935
17544
6768
4715
3393
13016
7532
19317
4645
1422
18905
4394
19655
4059
9575
5653
1370
7150
23186
10322
1156
2348
11822
1239
3789
9903
17007
17067
2772
15147
12024
1547
4743
2079
7198
6230
5531
4571
7784
12905
6122
8594
1977
6233
5529
7832
10032
2387
4647
10254
7420
5078
3561
15993
19767
5588
13467
12076
27240
8129
3374
21580
2757
1442
3528
7806
4381
4645
8923
5014
3925
16985
10309
24023
10586
1056
18729
13507
9307
14824
3797
14923
3127
12835
19631
14101
20353
1160
6444
13946
13231
15621
7474
24904
8903
7657
1625
18954
6624
13288
3559
7403
4138
8818
4728
9231
8938
10988
17979
2744
1346
1295
14290
6979
19700
5060
11566
19487
1732
6260
16309
27371
19264
4852
8197
5599
9139
12793
6970
4134
7668
22457
16250
13827
1745
9735
6755
3121
4529
11844
13859
14623
7603
9296
5335
4517
18597
2872
2196
1382
10482
3893
2681
2158
12189
1468
19035
3039
3081
3088
2040
18136
17786
8014
5480
4381
12860
1512
14182
10011
11721
1145
8357
5239
5791
1094
10553
3470
8765
15228
16608
2465
2126
11829
2740
19033
12848
1160
17213
3163
5145
17885
2333
2426
6543
1871
3896
16570
1356
4561
4899
22227
9748
7246
13793
8068
4241
15083
6334
4057
11495
7363
11004
15508
3260
2701
18195
12395
2603
11467
3255
14197
5085
5717
13260
13071
4949
6904
12221
13359
4508
1048
7783
5846
3279
10799
16838
11135
13611
4029
15178
3290
8705
2293
2318
1366
6927
7707
1387
19047
10570
7122
7782
10579
21559
5069
8087
11139
20761
2108
1393
1208
10589
7143
1238
23803
8279
8757
2881
4618
15503
9528
2953
11373
7755
17914
8075
2031
15440
9530
11583
3103
18148
1783
14895
18959
1997
1853
2243
5388
7288
1500
10699
4659
20523
9447
9783
14055
2059
2104
2063
3170
22574
5224
8931
12378
15789
4852
8869
4424
3485
4007
9734
23405
1050
5129
11059
8410
5798
3923
1292
19239
6860
11355
11465
14078
10572
1978
17733
5800
6286
8175
14044
10468
10139
18778
15683
2175
18034
7666
23089
5179
23960
9639
7789
20703
5279
2650
5827
11841
4380
7805
3084
12064
15440
1018
3426
12268
4682
9217
19064
6836
24744
15439
3431
9182
10844
3175
2472
5550
8346
4119
14530
10709
16402
3129
24114
9799
17653
6155
2001
9064
5039
19792
2242
9861
23475
18653
7090
2024
7734
4550
4025
18130
8352
1329
1599
1021
1084
1074
4521
1297
4221
8183
2298
2334
11202
6802
11193
18443
16847
4092
13253
19763
9132
9869
3752
2062
6687
11720
12433
12884
1928
1688
6290
21114
7335
1630
2024
1334
26020
2784
2992
2118
12237
11038
11124
4187
1966
8115
2269
8435
26187
5494
12455
6851
5686
15966
3754
2560
8709
24271
3470
1215
16736
2776
6244
5636
10383
2493
23730
9621
22118
5216
14314
6667
2844
1781
15445
5276
19784
15010
5532
2119
19536
9503
6495
1310
2061
24246
10619
11400
3767
1645
1256
10070
6614
4150
3840
5300
3094
7910
3097
17720
4564
6761
9846
1049
7634
3922
5048
2864
14072
13235
1918
3907
4313
13448
9977
14954
16265
17427
17533
5034
4943
2388
4328
1447
1342
1257
16761
12150
13881
4991
2397
2961
7625
8533
8509
13499
9263
6933
7377
1812
4124
3372
2437
13248
17157
3771
10204
15510
25134
1732
1753
7485
3711
7648
12058
8584
2368
4634
10106
20933
17839
16998
15964
4350
4581
1232
14984
1446
18478
10177
1241
2218
2459
2368
13577
4478
6719
4675
20413
10482
11810
8345
8744
7460
6137
2520
1400
12998
9378
8003
11595
11135
14304
12516
10142
4266
8878
24470
13056
3741
25503
17734
1306
5557
12591
3254
11679
14628
26365
1342
17856
5074
20219
9140
5786
8598
1930
13810
10895
5031
4250
3847
21670
2329
6418
10068
12425
4598
7697
4835
11493
14073
6256
7299
2056
8442
6248
8238
1841
23703
5743
1752
1223
10608
3578
4716
17331
7591
3635
1048
7910
13475
21241
6240
6129
1126
11406
12517
2095
2136
10776
12145
18964
6622
6692
6325
17946
3791
3944
8039
7876
3906
4436
4027
20610
10399
8253
22100
14358
13023
1337
1340
1319
19645
5168
5776
5219
6255
14598
10586
5454
4442
15412
18256
17317
2465
3053
7077
18220
4878
4131
1762
17223
34044
4444
3477
15016
9140
18413
1934
4826
14832
8713
20527
3444
13292
6637
7236
15354
8536
2681
9147
8463
3162
7184
10205
1356
26228
14276
4914
5472
5507
7395
18441
4701
4236
9865
8396
5299
2801
14586
2037
5820
3910
11379
12249
2332
14308
11781
10432
4851
9101
7195
11680
6859
6208
1706
1641
4431
8912
8035
13201
4069
5367
2063
9588
9050
14295
3331
5230
11337
10974
6368
4816
5942
20052
12998
11119
9184
3527
16123
11646
12646
14028
13921
2066
10908
25522
20649
4699
4911
20315
8017
5475
3389
2534
8854
5136
25210
5103
21017
2460
1934
6803
4824
1175
2320
1447
1833
11422
13735
8484
1699
2258
17670
15239
19778
6676
5738
33579
6052
2828
19586
7681
1097
7757
13442
16263
9638
3610
6087
12122
8544
22147
12045
4083
22215
32480
7916
4149
4396
10920
8610
5301
6121
19403
2893
23027
1190
13641
15597
10162
3023
7224
9633
6592
5966
12507
3447
10887
2248
12727
10528
12169
1073
15041
7726
10668
10752
15094
7241
9568
11415
8346
2846
7030
7527
2354
2601
21066
17885
13926
14330
9240
8963
10739
4510
3351
19316
30085
1855
11061
2500
3301
5979
3521
6814
12297
22741
8643
7765
5058
20154
5635
10109
2486
1033
4379
17111
13010
2249
3867
1170
7786
7716
18562
4426
17247
1495
26844
18391
17634
6945
15530
2982
28655
3508
4242
25773
1915
17180
19528
8197
2331
4857
7595
15136
5165
7908
15104
13242
10382
1364
2934
9930
12574
2985
15068
3278
15003
15148
17899
4941
8584
2024
5711
5040
1425
17862
16376
20655
17701
10888
2070
8500
3802
21667
3109
10228
13545
19621
11136
4572
11020
1661
20232
7459
1961
14035
1393
11183
15649
22299
8027
6112
2423
21307
9694
13253
6763
3116
2946
12259
12838
3572
4666
4509
1812
9329
9924
19112
29259
17530
17105
2458
17165
6978
1501
13659
5595
9014
15275
5016
2617
8581
1000
8751
4882
23697
20698
2110
2355
29258
3081
13507
8336
11067
9967
20852
5223
14650
9812
9981
12394
2553
18788
25736
17279
19424
7576
4162
10133
5765
3696
20359
7279
16383
5491
5643
2742
8804
5451
7281
9909
1623
10660
4232
6065
2240
11937
13103
19334
15112
2930
2995
18587
6387
7839
3977
9952
8014
12844
15925
18931
1708
6729
24646
5288
2826
17467
5501
3396
16177
7839
9842
5950
5944
17545
21757
18115
13807
18573
5046
12902
9148
4007
5670
4403
6673
21077
16804
19797
3994
19799
23520
18185
17680
17107
1893
2389
19117
4850
10711
14480
18948
5946
1284
11443
28287
2350
1223
1460
1439
1280
9789
11449
9877
17986
17416
4272
28299
15493
17869
25910
13424
1843
1391
1827
8427
10561
3463
15129
5214
21038
5938
3050
11862
8136
4960
15766
1621
3032
6223
11239
16185
4694
2549
8164
4028
2658
4560
5857
20705
14796
3896
3730
12242
14357
7441
6095
5859
9511
10078
12749
10537
4524
5051
1180
1139
1078
1110
4298
9326
21641
9696
2056
14300
9556
2434
2987
1468
1072
9022
2385
5032
5965
18859
4199
5670
5680
1841
10106
16626
17639
9355
9324
24720
5997
5870
3418
1147
12110
1893
1984
18063
22254
9184
13109
18278
5715
13751
9853
1049
16727
5203
1350
11197
1691
15301
10594
13534
6687
11521
7569
9826
2290
8045
2392
13641
16846
7084
2574
2200
7502
18413
1299
1548
6991
1133
10846
2285
11381
6477
13329
13998
4442
8505
20304
16153
10309
11871
11424
3849
10339
9727
1069
6198
10933
1020
1156
22036
13303
3676
20817
4948
1518
12940
8477
12101
19686
12533
8356
6419
4124
19312
2974
8496
25349
2762
16508
1752
6522
17665
5828
10603
2754
2563
2540
15909
10817
39714
1571
18771
12204
4859
4854
4841
6927
22978
8987
18727
3020
19945
7043
8416
18089
11016
17931
3412
11965
7835
9689
7651
10182
6819
2057
33856
8792
4997
23070
22461
6339
6939
9952
6061
1325
2499
6179
18478
2597
19339
9831
21800
9589
16428
14242
14765
12293
18458
12551
5133
3723
2810
16408
5555
3536
13746
2991
17520
13911
3701
1868
1992
3961
5010
1498
1314
9923
20392
11062
2701
14002
10878
21930
20680
2979
23447
24608
10670
7066
1400
1024
4326
22761
17801
7645
18194
13974
19461
22883
4327
17846
8362
6321
8865
12035
20259
14696
4348
2852
3896
3925
10100
9175
17645
4110
9513
9096
25453
13269
8477
6689
30453
6236
24964
1600
1746
12234
1207
9412
18935
13952
14901
19236
1818
5195
11644
15937
6915
5390
6315
1917
21300
8078
2312
6581
7832
27848
9024
26989
1129
30532
4523
10973
7080
18943
2552
1082
16580
20695
19455
2511
21954
1391
14752
3703
1023
7371
1119
13364
8256
8295
3705
2937
3368
13237
5596
17326
7850
3811
3294
18036
2207
3192
1017
1887
12095
12595
12271
3024
8817
10097
7289
4730
11293
13151
15674
2935
11899
2350
13262
1806
6413
1870
7508
4468
1363
2307
9815
3345
1729
1494
9068
1082
17661
4575
5019
8947
8815
10203
4006
16160
4905
1557
15239
7104
8701
17331
4956
3035
3101
23081
5125
15794
22809
1250
16436
3932
7933
17368
7339
2687
4429
2630
12476
20823
12719
6935
16166
8471
12181
2312
2255
9738
2390
2798
8048
9652
8146
16117
19696
3287
10737
7959
14881
9407
3261
1689
5826
4824
12082
19296
8365
8611
1880
7774
14378
3625
10508
4686
15435
1307
8415
10782
16681
7760
2095
15152
8054
3279
2786
8276
1705
2775
7402
1139
23871
24054
1778
1575
21636
6997
24947
13587
2908
5602
1655
6302
7777
2369
10523
9831
17035
1931
13470
8822
17598
9799
10898
19693
8388
1086
3606
16198
3943
18881
2171
6376
4329
1224
15513
7443
3517
7416
5765
4768
6520
12000
19016
11257
14015
7090
3340
9779
12972
15356
10507
2644
3320
14638
9420
3906
3771
3965
12857
19190
4107
13069
17172
11034
3604
7513
6601
15933
4572
17873
16825
4522
2157
7463
5456
20371
1273
14426
10539
19778
3565
3455
7296
6412
4755
5212
1369
14725
17007
16265
18261
4963
8965
13996
3020
16531
26388
8850
2135
11644
24741
1654
10671
4889
15194
6534
5311
24178
5205
1877
15835
10153
2425
7363
3466
3278
1243
6892
10449
15079
7528
16106
5344
1040
10719
3219
9496
6714
3482
5060
15048
2788
18954
11400
18050
2983
8960
6938
2432
12242
16490
5193
4089
8570
7878
1556
4900
1098
17915
5984
9886
4443
3255
13611
8381
6119
4447
7307
1502
8203
1486
1802
2039
13148
1681
2136
32754
16164
7889
6188
17111
3434
6143
3286
2931
1564
21570
6445
5802
10656
3113
4935
15357
12297
4433
2015
16194
12034
1298
12119
2779
20384
19384
22428
15528
4679
11628
3143
13219
20037
5524
8239
3495
7273
17896
1482
14812
3907
22530
1163
3414
21606
5271
8887
18338
10339
23203
27150
14669
12853
6896
3633
13723
9105
3551
17958
8791
1829
2605
1482
1478
9120
9440
1048
3428
4644
1551
3448
2368
8810
4104
11219
9184
1244
3902
14440
18514
7056
11479
1928
16930
21652
2372
2475
4835
6114
2021
4798
14181
2662
11510
3680
5616
24233
10406
9618
6160
6356
4383
17299
2631
22817
4568
7912
15849
2143
8325
7147
1388
13158
3623
1701
6760
3241
6685
4027
11022
5617
17870
18900
17975
11950
14225
2755
9125
9042
21544
11571
5022
14834
4627
6141
8708
26225
10310
4142
5915
17228
11015
5606
2555
3427
8296
9495
2217
28124
2106
2393
19255
1434
6635
4631
5955
8068
1239
1882
7697
4032
5761
4775
6198
2276
11587
2432
8726
9140
7529
6279
20163
12950
7376
12792
6700
1877
3858
5377
17705
7854
7622
9629
14789
7962
9286
1896
10752
6964
5467
8687
7509
22979
3436
14133
14605
10132
7520
3563
14671
11821
1491
4858
4634
1218
3367
1175
15346
13159
8143
1818
14474
13827
13742
1795
7790
8508
17953
12363
5229
13973
1863
7263
4882
7644
4040
2065
5448
15946
4741
14115
5923
7573
17677
6154
13238
18628
7382
2975
19248
12989
8910
10258
19351
11179
5886
6011
8187
13105
2036
8861
3189
13327
4319
15209
8935
1534
1708
12774
4138
5633
7232
20086
1847
4234
20893
13581
1063
12437
11556
19209
13220
6922
21719
3972
9441
26573
17489
2109
8286
16976
1500
4418
1614
8170
12285
6470
9390
15460
7883
2786
5301
3781
11394
6461
2056
5855
21867
8073
12254
2249
4340
5199
6843
8075
10022
3063
8682
8931
4379
3859
4492
7309
21837
10340
7999
8173
1661
4421
2096
18698
7922
19420
6349
18562
12443
10861
4342
5812
5366
9459
9056
2193
4164
19302
3632
17950
8272
3553
10990
16049
1720
4768
8283
21225
4381
4485
9888
18602
15911
1922
3444
8305
9345
13286
5418
4392
21211
4711
2359
8109
2516
22568
1402
18342
10241
7148
10681
3081
18558
9440
1270
5468
6880
22192
20454
8033
11937
7149
16323
3062
2414
20200
2699
2938
10485
16194
21187
7326
8444
2037
4341
5591
8415
4603
12568
3136
3411
13355
12478
10953
8472
9215
9853
7176
17300
1002
20982
15071
2264
20544
9637
16793
2364
8003
1032
9814
12769
18314
6739
5631
10434
1312
10638
10215
8141
2710
2299
1291
21083
10531
2849
6361
5539
15859
20624
16442
15027
13695
17554
16054
13185
2402
15991
7252
9965
23921
2993
14279
13917
11971
7205
2778
15366
3435
10865
4325
7700
1292
9494
7952
15600
13664
16908
1796
10828
7105
15675
20007
4561
8576
16266
17552
5420
9500
18053
8709
4993
20790
8820
17296
5035
5570
5118
13687
5666
5911
15062
7579
10046
14651
16584
5963
2988
25882
12387
4684
10118
14810
14278
1705
5451
1872
15555
11887
8743
13488
16256
2371
3399
31646
16189
16757
15364
5800
13383
6966
4834
7170
1108
2625
7810
17114
10179
9483
3554
9692
1193
12860
9934
1335
6092
16012
9123
2698
3310
3114
5729
5641
5642
2956
17377
11924
7527
7656
26800
6939
7552
1834
8316
8915
22135
14144
1732
16814
4532
6192
25040
1630
24763
4378
11750
11714
2849
2889
14325
15783
6790
10697
11913
2043
19059
7527
23183
12710
15729
14422
12293
17088
7064
3533
3854
3108
13060
5026
2829
12854
2863
12945
8765
2574
8931
2092
7871
1569
13586
13380
13649
14949
3279
11083
5560
3217
10477
11743
24987
7716
19825
2496
4712
5314
1287
11545
10741
15380
1971
24592
14092
7603
11806
13073
3553
15313
14906
11935
10088
9213
13760
3263
17447
6838
18245
8513
17975
1712
6882
7268
2346
21030
13347
4726
3149
8340
10732
1021
18366
4450
5864
12875
16343
3672
3965
6571
15045
8039
19385
1837
17136
18288
2885
5090
15418
9132
15585
8186
17067
15276
1228
3589
3874
8492
7349
10853
7900
8789
16131
19324
8124
11931
3656
2336
15867
10419
7373
8415
11118
1517
6698
20054
14579
4480
7709
6884
21418
2248
2919
5864
11234
7465
6532
2564
1217
3361
14438
3001
14878
3419
16122
7203
9848
4167
17061
1821
14275
10394
3920
3467
3381
9068
12307
4496
5250
8060
9880
13593
1600
8889
9558
16635
1485
18239
3190
13992
1340
20065
5963
2678
2714
5878
1561
23817
3836
4507
2473
7792
3726
1421
4587
15956
1983
18406
2439
6490
3561
14272
9989
11002
2602
13078
3011
3844
1358
1319
1440
16807
15637
4731
6042
15468
2454
3598
3340
11070
15333
13913
16533
10036
18009
12206
27340
7816
3242
1286
15497
2771
5636
8445
3097
2641
3110
4010
4601
6360
2109
21155
11032
7210
3619
3645
3249
6484
1358
17111
1174
7907
10218
6542
5463
3287
22494
9908
7219
4710
23114
6232
14231
10247
15476
14621
12590
29081
6675
8491
3890
9060
5878
5548
1624
20970
3271
2252
10828
7391
15024
5464
9054
1305
6555
14178
11486
5648
2046
3795
1334
9436
7034
22864
1946
1993
1284
28093
12904
19441
19921
14933
16581
1036
11003
2083
3125
6092
5385
20966
5067
12388
16172
5346
4675
2788
9922
7099
5271
18246
10010
21653
16096
6247
1032
2367
4732
8666
1892
16024
7172
1303
25138
5246
13697
21829
5059
12870
5867
8999
8294
2310
1110
6699
11023
8023
2534
4476
2943
1723
14116
11302
6075
8602
9536
2601
6992
19944
10227
1178
7418
2247
2657
5906
11148
14331
19250
5345
1110
3726
1274
1172
4960
1936
1618
1647
2801
10458
8573
5055
7397
6915
5134
5887
6305
11457
5197
9740
1655
13274
5036
1650
13237
11053
5595
7445
14700
2926
7653
15236
8139
2604
