5951
1436
13580
26497
13125
5303
22144
2053
12990
9719
19901
13977
2522
2507
2527
2330
0
13503
1994
1973
1878
3140
12694
6247
7426
20691
19169
3277
10782
14415
6748
2587
6136
24232
4780
4198
4940
17837
18195
2174
2599
0
18964
0
7926
6962
0
0
0
3882
13755
1983
7373
0
13022
7210
13465
10549
8721
15796
7666
0
1764
6364
0
18666
1181
1309
1248
0
0
0
1222
0
9926
1576
6029
0
2362
10801
17558
0
0
13246
8450
18407
19024
4514
0
0
9873
10693
1277
1655
1793
1770
12343
0
0
17872
6819
20038
5245
1258
2317
12190
3403
0
16020
2791
2812
16268
9970
8002
3406
2371
0
5497
10987
9913
4775
18830
8178
14487
14643
19139
0
8993
12869
16316
20899
8667
1778
3379
14812
1182
2396
2847
3801
3324
3167
0
14595
0
16663
17062
2760
7589
9388
2049
4352
5902
1348
22700
5440
0
16323
21197
0
7393
13945
2907
0
2794
8533
14321
7142
3102
12612
11488
0
9729
0
11681
0
8835
15108
2655
4124
4691
0
0
0
3429
2469
0
18628
18569
1870
18924
1908
3763
3711
2060
0
3772
5010
3688
11205
19120
1204
0
13542
0
7877
6176
7047
0
12829
0
20746
20871
8179
10844
3972
0
8745
9222
0
5887
8060
5820
3427
2074
11134
6397
0
9492
1462
20165
11893
0
7252
9217
0
10423
4630
0
9597
13744
14134
0
9101
5983
6230
4345
5505
7359
8537
0
1860
1777
8592
15121
16179
1575
26839
13359
7681
14794
0
3218
2248
20315
3024
1666
1630
16938
1609
2561
8598
10932
4682
25517
1707
0
3823
3287
10714
11032
2647
4049
3923
8996
8635
7595
0
28773
17072
3054
10318
22668
0
1733
1629
3749
18182
2658
1301
20175
2318
7354
0
0
4467
0
21878
3057
3068
18629
19044
2093
8098
7838
0
1220
5951
4698
6254
4616
2714
3564
6712
2324
2337
0
1974
4971
5097
5086
4812
10073
11926
10040
1283
0
8658
12805
8876
15619
2739
2751
8956
8621
10324
6552
4793
7549
11714
11371
0
4957
2370
3704
0
1361
7429
3815
4857
12690
4809
12638
7126
1080
3691
4289
9702
0
0
3455
0
0
0
0
8803
4788
21773
10730
9937
20874
0
0
6086
9024
13878
6058
0
6624
27295
2049
3541
3978
4685
16521
0
23345
0
4520
2144
1977
2038
0
0
13806
6085
16396
2787
3965
0
0
0
3880
4755
13180
5468
13015
30135
2178
0
2587
1521
2090
11054
4983
5857
13328
7869
6646
8647
39232
1577
18751
3347
0
5932
1745
24128
6152
2580
6008
21049
0
25798
26336
15090
13539
2867
25297
3596
3596
0
0
0
2305
2689
2620
2599
2562
2502
2444
6153
15594
7861
0
9043
14926
0
0
11284
2062
1807
20177
22496
2358
10821
7185
4675
7580
2495
13303
14048
7519
5267
4860
6676
3648
10932
4580
7748
14756
0
3765
17846
12551
18202
1037
2919
14553
7184
0
0
0
0
0
1574
0
1589
1878
2482
9349
17175
17969
6664
4621
0
9051
0
16899
25816
15679
14590
6635
6777
0
11779
0
6527
8321
7748
1880
1792
5881
5984
5990
2665
4996
7830
10400
0
1041
0
1903
19422
19490
8070
18677
0
15704
11072
23083
14624
0
3189
1804
6318
0
2309
0
10467
18948
3919
8294
2580
0
4242
4325
6269
6968
0
4343
0
12885
7452
3983
0
0
3520
1010
1974
2003
1697
9918
1881
4761
4767
0
10021
3721
6506
14037
7239
0
2567
2770
12164
0
0
15495
10133
3181
2931
6960
7159
0
0
0
5121
11027
1498
0
13052
12146
21851
17885
4514
17363
6257
12007
18826
19238
12593
2771
1079
0
0
7528
3731
3683
10773
21083
3477
24200
3304
19690
0
14894
3819
1903
4836
4014
2122
11005
16064
7815
1896
12137
9994
5805
7098
7065
11632
4958
10483
14632
0
5501
10956
12287
1420
1086
5870
5395
5355
7028
11783
2424
14782
5978
0
7182
14459
0
0
8805
4880
6572
21711
2094
8765
4002
17890
11694
14064
0
1461
1446
0
10494
4696
4704
1825
11080
6460
6346
1074
18131
20584
3304
20300
16313
4636
2726
16839
8007
0
0
6814
17133
2086
3464
3190
0
2356
0
2669
17991
3154
2988
7736
0
5694
4865
5457
4003
0
14062
3016
11542
12129
7283
18520
0
1332
3275
7933
2150
14570
1651
2752
0
0
3321
6012
1212
0
0
11665
10744
4630
21389
2203
4140
0
12481
17980
19182
13691
24956
0
0
8948
0
3026
5310
17904
0
2571
10551
5563
7135
13770
10579
17192
23368
1554
2524
11489
2101
2378
0
10528
2147
11623
20003
13009
15501
18598
11542
6097
14939
8610
11714
9470
1203
0
8329
0
1591
6992
15329
3321
18900
24901
1444
1419
0
0
12254
7001
0
10122
19821
0
9267
5036
6544
2034
17025
4368
0
4552
1726
20073
14965
8276
10382
1805
10371
3542
0
11345
6439
10739
5014
24565
10259
0
0
0
0
0
0
0
0
0
0
0
1164
0
14300
4963
1874
9925
3621
3897
15187
6745
22229
10398
10576
0
2024
13128
14306
8979
3546
14104
4663
2082
3881
4928
18593
8407
1994
0
0
3607
0
20612
0
9528
0
0
11551
0
18003
10721
4747
12289
6138
16940
18946
5842
16872
7666
2011
14636
5085
2429
4959
8047
1438
0
11905
16171
16636
2019
9897
19680
15360
4696
2765
17605
0
12944
2273
14618
7401
19092
0
19288
2463
3514
3615
0
2805
1197
1141
1210
1072
1181
1190
1198
1209
1213
1207
1183
7871
3468
24369
24448
9043
21933
1092
11279
4030
7575
2009
16072
0
6824
10252
24015
0
0
10813
6514
1785
11307
10994
3594
9105
0
12470
1791
20102
25008
10124
10201
5617
14987
11214
0
0
1266
0
15530
22682
6154
7897
0
20253
3449
13654
0
7820
13610
20748
3296
3348
3597
7050
13724
0
9823
5510
2499
16276
3720
4808
4766
4863
5466
9586
3057
0
15072
6415
7682
3639
4430
4127
2711
1286
1458
0
0
2098
3001
2613
0
0
16183
14782
15509
13219
10258
12120
0
3277
1885
4081
15989
1046
0
18101
0
15137
14599
0
1747
1753
1723
0
0
1597
1577
1592
0
1588
3441
0
4052
3644
9099
15750
7032
6889
1999
9540
12823
19032
10288
7032
14980
13333
8227
0
11969
5250
7145
0
1567
16353
11558
5724
1907
8738
21437
10647
5403
1703
6159
9973
18728
10086
0
4901
7568
3342
2118
6094
13307
3086
5650
0
1937
1984
2033
1994
9048
14618
2641
2681
20142
23083
3666
0
8640
5087
3401
0
1453
0
3741
0
18401
21059
1581
20180
0
9327
1733
1752
1752
1739
13138
2532
12919
4736
7111
16199
0
15840
8118
3465
6242
1591
0
4878
2179
3552
2536
2032
10355
3485
5454
0
1284
1146
24939
8647
1940
2023
14730
3569
17112
11407
19430
1033
7665
2146
2248
11413
8272
12909
0
9045
2152
4133
8661
8511
19542
16164
18980
12142
4370
4490
2412
8514
0
7202
2358
17295
13768
0
3617
8767
30500
3348
3794
6913
10976
18223
13102
16295
0
13164
7843
6907
1261
12904
0
19164
7163
1887
7566
21802
4148
0
9139
8033
8446
9800
8440
22095
3202
2541
3992
11449
1412
12554
0
4364
4385
4553
0
6996
6886
13946
1659
8137
1161
0
0
6699
7090
24006
3984
10241
0
12634
20551
0
6189
0
8968
15466
8736
14940
8647
2867
2864
1914
0
4276
0
15871
1442
6108
5151
7097
16121
16733
5784
4097
10444
2527
13938
18723
4397
8820
4143
9303
3902
13113
15829
0
0
12520
0
4678
7121
0
15211
5604
7969
8330
0
3820
16858
9551
15365
7523
7738
13511
0
1231
1226
0
1223
1214
1210
13607
0
2541
2497
2656
22803
0
0
5953
0
25693
11902
15910
1681
5086
1330
1663
1758
11801
27592
23889
0
0
19572
19454
2727
4930
3091
1494
1774
17508
34814
13146
13652
0
3272
19244
9751
0
11866
16971
1705
0
6080
11055
3905
7877
6690
19909
10937
0
3061
8462
3372
14054
3386
8841
10968
5241
8384
15306
0
28003
0
3142
13378
5269
2639
1545
1613
11286
20128
5329
15580
18233
18339
17637
23581
11825
18192
1390
19994
10831
1684
7004
15196
19945
5381
5068
5034
17050
6473
4051
2075
0
0
9761
0
8204
7679
3079
2814
12419
5810
6521
6929
17420
0
2509
1558
12967
5996
9332
3959
0
0
0
7950
10569
11445
16850
0
9308
1065
3480
5557
0
5065
32113
7042
3109
19883
12582
5251
17378
0
16414
4196
11347
9864
9067
13060
2648
6274
0
7336
0
0
0
0
0
7391
8302
8079
5835
2084
0
16953
10271
11872
4360
14293
13268
0
4683
0
0
0
12140
2168
3201
8378
8082
0
20253
14041
14676
5141
11424
3624
0
8288
12564
22868
3480
5902
6316
20011
11563
6289
12243
0
4909
25789
4536
19018
9221
11718
19054
12212
15988
0
19226
0
6667
4600
13858
0
4184
0
2132
2145
2051
0
3666
0
6700
12660
1857
3657
0
0
22036
16715
10006
17351
4451
12547
18161
2922
14825
3047
3362
3357
3326
8087
19860
10980
14015
6232
0
0
6667
0
5883
12246
7687
21609
7586
3645
17526
14553
0
8115
0
17171
15013
21016
0
3305
0
21205
19545
2222
0
0
20233
2140
0
3417
8496
1383
1445
1359
1424
1421
11428
1333
8773
0
4724
8719
25633
2952
12328
11173
4618
7641
5514
7182
27230
1849
13250
14981
5652
6248
5895
0
10298
0
4143
1093
9135
16182
0
10894
5350
1582
1527
1429
0
24837
19397
2312
21599
6574
0
5032
15097
16348
15492
1563
2594
11586
2729
4345
4138
4643
22395
7282
4585
18197
1276
10089
6114
4211
0
3369
3427
23190
7738
2223
2883
2842
2922
0
5317
0
0
9795
4176
16375
11725
3511
9558
4190
3398
5992
11970
4589
0
19525
0
16504
0
0
12246
4853
0
12754
4074
4340
11375
1777
4387
2004
0
5465
7864
18887
8406
1783
5683
2278
3241
6062
9041
16964
9645
9344
3041
0
18789
0
4713
1830
0
5593
0
0
0
2528
18857
0
13013
18677
13086
5964
17487
9331
13400
5403
0
1006
0
6696
0
8720
5884
11533
19266
9972
0
2655
0
0
10170
11245
17603
3045
17779
3693
8280
6672
0
3771
8075
12910
10258
13890
0
11825
13719
7157
12252
0
10090
4681
5832
6639
0
2245
5873
0
3770
8336
7350
0
19920
5421
8141
3057
1171
0
21003
12800
5644
19565
3459
0
0
14478
0
2246
2191
12885
1203
1213
0
19257
0
15061
0
3403
8914
1659
0
8765
9860
9305
10282
3004
8315
0
2260
18003
14486
0
0
9400
7646
18061
1063
17185
5817
10171
1550
1581
1564
25936
3729
0
0
8924
0
9445
9277
13934
24381
2544
2518
2558
2577
17601
4069
0
5921
1608
26544
16292
7540
7824
2642
1327
17370
3340
0
6184
1928
1968
5152
10428
25089
1956
1740
1819
1781
1806
0
0
1786
0
0
7873
13941
6248
0
15761
0
0
5598
9376
9275
7442
1524
18604
3187
3204
3950
7522
14864
10368
14069
11507
0
4535
8237
0
24274
3035
0
8833
11673
7452
2749
5761
14839
14864
0
2251
1312
1985
14812
3484
5468
18309
13922
7969
16665
3402
0
10431
0
0
0
0
0
4153
0
12699
5499
7582
3563
19504
5365
0
3951
29293
4433
7863
8981
14602
4370
3752
0
12597
21325
0
3827
0
16869
20056
13812
3223
10165
0
6538
10691
5804
4922
7693
15801
3667
7130
23794
0
3237
3696
9480
3393
0
0
6844
1051
1988
7314
7272
1079
16141
1864
1814
0
17476
8308
7921
4440
3519
4853
9467
3601
8895
0
11012
12038
2532
0
0
31042
6447
0
2651
0
0
15929
0
0
13567
6164
8036
3029
1341
9555
4731
0
1659
1612
1614
1051
16661
0
4523
1276
0
5954
0
13581
12109
1238
18430
5564
10053
10195
17441
5464
9339
12331
17344
0
17865
17047
20336
2122
23400
2582
8674
0
7121
10258
7124
6448
11899
5424
3503
1328
10257
0
5163
0
0
2064
4061
6693
1166
0
0
0
0
8744
0
6897
8173
9973
5150
21717
4371
2994
9760
0
5408
14166
0
19572
0
7690
11931
14926
3003
9517
2327
7001
2215
3822
8959
9531
13855
0
0
0
0
3341
2948
7244
5572
17245
6027
16928
0
5985
0
3544
1911
1281
1836
1956
1931
1959
3633
11873
3783
1238
1993
0
6651
15473
6295
12526
5199
30519
13688
4978
0
6392
3003
10824
8369
13578
6256
2049
0
2685
2675
2690
2651
2551
0
13680
17641
0
9117
6488
11003
2395
2344
0
0
26293
3465
3964
8710
4015
7269
8522
16349
0
19240
0
12498
0
0
15337
13045
3461
10865
0
1813
13934
0
20128
0
5735
12980
15248
14001
7229
3000
5718
4844
15496
5127
4654
16614
16647
3686
1470
2191
8858
6691
6206
6882
0
18750
0
7562
2925
3358
3207
18842
10507
4008
1571
1576
13108
5951
6218
7268
15114
0
1098
1051
1033
0
0
0
0
0
5789
0
0
17380
7631
0
5799
1726
0
9842
0
19554
3950
3958
9489
8020
0
21123
1639
3666
14766
7282
1528
9219
7716
5367
6347
5121
4686
1811
2042
2027
2036
20170
9176
7217
2118
0
0
7541
16604
15485
19280
3344
11085
15443
8465
6362
11727
7029
14787
25854
17199
6028
12956
0
12553
14349
1277
2251
3608
1542
9633
8072
4303
0
3316
3382
2376
7305
0
15799
21373
2839
10550
13711
1574
8192
5057
19864
17861
4038
6180
8555
3823
7435
16584
8386
0
0
6703
5520
13213
3795
7268
8350
14059
23198
1981
15799
12207
0
0
6617
6271
4860
18047
1454
4309
3383
0
10612
4484
0
0
15198
7457
14558
13249
12481
22442
0
18439
1728
2504
0
1248
0
11210
0
16198
3924
17860
21738
12338
9978
9098
0
9688
4001
0
15244
0
1805
1798
1811
9122
6136
9902
10437
2542
0
0
14885
5672
13607
0
3210
0
0
7632
0
0
1784
0
2781
19232
21777
0
10557
0
8388
1889
1621
6056
13583
1530
5194
0
24891
6257
15378
5731
0
13150
0
20315
14960
17220
3841
26470
15825
2147
7118
14433
0
0
10955
1335
11493
1504
3321
14813
7182
2597
9314
7918
2338
2220
10985
7309
1201
19733
11817
11527
2008
3133
2946
15655
24417
0
13060
0
0
4258
16424
3194
9525
0
15420
5588
10964
5510
19657
5410
15684
19068
17487
10544
0
2030
0
13570
2791
3319
4983
1482
3226
3830
0
15147
10623
2078
0
6573
20603
4875
1454
5157
6822
6768
2671
3228
5948
23479
9019
1150
0
5627
2050
2039
2001
2066
12281
17169
15812
4532
13340
0
9224
0
9013
11481
0
0
0
22980
8503
11549
3175
3531
0
1518
3366
3038
5377
9902
2628
3025
6944
14527
8000
8739
2625
4187
8681
4010
19531
15041
0
2822
11488
1457
0
11344
9620
0
3681
3647
3668
7937
2400
2391
2350
1024
1300
17541
3715
9440
23623
10253
4988
10502
16928
9528
0
1913
2523
2302
9300
10335
2057
0
24627
0
0
4967
18232
7534
4863
13431
2003
13086
6471
14647
3556
0
2197
19119
5772
4918
0
7553
14411
14868
4636
8121
5262
7835
0
5908
13377
0
0
0
0
0
0
4774
7428
2732
7281
0
5547
9878
13856
1318
1316
1319
1287
1104
0
14825
0
5542
10057
3529
12298
14045
2837
9481
8501
17064
0
9756
2707
15531
4156
21617
9178
0
1832
0
1218
0
18821
5875
5714
19503
0
8712
3430
1155
1194
1197
1199
1086
6620
10105
4825
9930
14470
13375
7077
7336
10638
7489
7055
1854
7834
8297
17343
36117
7606
3957
0
7770
0
13710
18216
7125
7968
1613
2274
2282
1881
7948
0
0
15898
5455
0
0
10065
5162
10826
1783
1772
1891
7087
4690
16264
0
2518
17587
6159
3149
0
19034
20918
1839
17638
14856
6273
8858
2277
17434
9476
18952
1631
0
15904
1494
0
4136
4272
5028
2050
2849
0
4942
6928
16469
11467
20792
0
0
13109
8899
4279
11506
13441
2604
0
12553
14559
5564
15764
2691
0
20076
8566
2500
2793
11171
5946
4989
3734
3718
0
7243
0
1473
1720
1773
1746
2753
8098
12814
22506
2635
11100
10529
10308
5864
13670
0
0
0
8459
10054
5288
5369
9919
3879
3907
3293
7307
24582
3058
2490
16177
10378
4575
0
9429
0
10656
30898
13061
2429
21108
10357
2655
6808
9341
4439
6607
7480
28664
15398
1340
9793
2105
10096
3290
0
1937
5730
0
13313
0
7352
0
17484
0
16597
8624
0
0
1257
1414
1396
1414
1400
0
0
12423
13602
7932
11654
12764
9435
3549
7022
16861
7843
4402
7780
1020
6053
14102
26783
12729
22974
3728
9618
2772
12374
6271
0
0
15569
0
17455
8801
11136
0
0
18089
12431
13168
0
8027
3506
13877
3373
7207
24762
5197
0
13062
10365
5507
0
9897
24186
16577
8384
7627
9654
0
0
1391
4910
4899
3931
3120
3444
0
1833
1832
1835
3376
6329
4414
14844
19569
3107
3801
17276
16604
5070
13037
15894
28835
1389
2087
9188
17731
2073
19548
0
4322
12686
4849
8074
11863
3715
0
10862
0
0
2516
5429
13271
2864
5735
1080
17378
11573
2811
10445
16739
7562
7110
0
0
8931
0
5681
7864
21902
14420
10988
10985
15332
0
2965
2696
3066
0
19433
5563
13882
8870
19213
6704
16574
21654
11560
1440
3858
7381
0
1499
4531
19537
13188
10752
7794
15017
1784
2026
7363
6734
7589
5641
0
3536
1927
3281
0
9460
0
0
0
1329
20146
23070
6117
5079
7555
1967
1964
0
22707
20157
0
3203
0
1898
18820
9503
7740
10791
9522
10412
10455
2081
18637
5216
19806
13365
21123
9954
12863
5512
9136
11234
9546
20130
4536
8509
0
15738
0
3854
8925
13541
12087
15362
6900
9423
14576
9401
1635
0
4387
0
7527
18035
5577
0
0
13415
10187
2056
3937
6875
0
20725
13856
2752
14022
23378
7561
3059
3082
14836
17702
3476
6636
2233
15940
11062
11840
0
7694
11295
0
18289
6120
17870
6188
2817
8368
3627
0
2885
1301
4573
1981
14653
12201
0
19903
4455
2294
3884
3058
20263
0
13938
18272
2580
0
3182
17203
5125
11849
3399
0
6084
18641
4612
0
19996
9470
4316
13475
2856
6183
3689
5200
1881
5987
0
6079
0
16673
21753
5862
9884
10963
16532
5743
10379
18123
4852
3325
2081
5749
18972
1032
11660
0
12542
14053
11496
20505
2434
5725
7366
3658
4537
19644
0
27048
11632
4916
11853
19965
10771
0
16908
22248
18044
2818
2881
2927
14196
10053
10524
16142
0
0
5325
0
3704
2827
2815
2156
19717
6495
11753
4123
8948
2501
0
9298
6143
6268
4961
2600
0
11602
0
0
14878
9237
12037
22182
16629
10151
2812
1051
15752
13887
2725
0
6482
8844
8965
6898
0
6012
4828
12450
9742
6894
9344
3962
3974
8310
0
18066
18502
6484
0
9605
9140
7306
9195
0
1369
1351
1334
1367
1369
1299
13357
7890
4736
15760
2296
24527
14586
0
6833
18876
0
12922
3091
7433
0
0
12293
11196
12185
0
0
15154
13289
5238
4370
19226
6321
0
17773
1812
2586
19871
7655
8232
9101
16346
11192
0
13420
11994
8817
5088
1972
1971
1902
2029
6412
6315
1817
0
15488
12110
1254
5774
0
0
9961
0
0
1381
5666
8186
2503
4182
0
2392
2433
2428
2432
2427
3298
2735
0
9563
2900
21529
10220
0
4430
8265
6446
6804
19286
0
2042
8354
11621
5357
0
10248
0
2885
0
3199
3086
3129
9520
9310
0
0
2300
5667
0
19797
11663
0
0
0
3688
0
4419
5296
2502
10472
14267
9439
22267
3256
3514
17049
0
0
15292
22307
7040
2446
1381
5484
9281
6062
2836
6090
0
1628
4653
0
0
16641
15054
2266
12430
0
21037
9902
8336
6669
5054
0
4694
19349
7948
2853
4988
14063
9904
10499
0
18910
8849
11670
7018
12276
4712
1835
0
12379
9162
15979
15068
4697
7226
0
16511
0
15046
2683
11361
0
14567
10421
0
0
7640
3513
25540
10252
5367
6084
0
9702
0
0
4886
4767
5066
6505
15693
4872
2306
1830
1822
1799
0
0
0
10224
0
9528
9986
0
6126
0
6835
1046
5225
5989
1912
5948
11556
15770
9330
0
19108
19161
6303
21228
0
14972
3196
16163
8858
16848
7267
3806
14521
1797
5148
15549
6414
16942
1601
0
8950
0
2947
0
0
0
13272
2622
9143
11289
3855
3117
0
3295
4228
16168
12494
3673
3690
3634
13014
10330
4029
10911
4735
2340
0
2682
6301
14506
0
0
0
11931
1978
9527
0
0
0
0
0
13682
18137
0
19425
12030
9543
1717
2171
2177
13016
6130
7376
0
4470
2114
0
0
3342
11209
2639
12923
19001
12701
5878
5128
17981
0
0
0
7949
10588
0
0
6402
6733
5408
0
17582
0
5108
0
3477
16713
6673
0
17786
11352
17512
0
2374
9125
3594
10979
0
0
5205
1624
0
4346
0
11742
2374
16624
0
20469
5343
16336
14481
21351
12208
3476
4543
3531
1646
2544
1933
3095
4234
21121
2120
19585
6647
3921
20705
8564
6275
19809
12659
6755
10231
8183
3025
0
5936
14412
13295
4275
1062
27180
14582
5573
6379
3476
5065
5566
6310
0
3050
8951
0
0
8543
16816
3756
3205
11322
23726
0
11593
15160
6794
20110
0
1438
12997
5158
18230
11078
15975
10631
1637
4723
10010
1839
7613
2668
2435
2441
19245
0
8401
2237
2524
2603
2593
11897
2909
0
7146
11848
7701
9672
8457
14177
22162
13494
7068
0
1587
1541
1590
0
15763
3296
4895
0
0
9511
1489
10868
10822
1075
10504
5952
10739
7430
25328
7427
2169
9921
3185
19164
9478
8249
10867
10425
7771
13237
3887
2738
2700
2691
11427
8035
7924
13581
4396
27824
14436
4411
0
16642
0
0
0
9493
2925
11957
6066
1291
5230
9194
6808
14257
1945
1015
22393
10575
9675
12435
15418
0
6537
0
2854
7200
20195
1454
26536
4261
5496
1955
3137
9637
7594
12055
10989
0
0
5373
6558
5716
12180
1828
1801
4860
11029
15220
23812
4179
17545
0
14032
10280
15225
10288
9740
9277
1703
7172
15998
10116
0
21342
11358
10471
6780
12111
3833
3876
6394
0
0
18335
0
10330
19078
21252
14907
0
3762
2089
3543
15143
4079
0
12483
0
0
0
7314
10787
11112
4397
0
11579
1523
3132
15798
2710
18865
16016
19049
5556
2351
2389
2100
15228
9925
2897
0
0
6490
0
0
6899
0
15559
0
2999
3171
0
8046
0
22184
0
1253
0
13117
0
2776
14794
11095
9477
13828
1676
9849
8150
7236
2182
2248
2216
6238
19460
4418
2786
15043
11609
5240
9563
6455
16305
16176
6035
9519
9900
0
0
8654
0
3681
13050
0
13002
0
18102
2593
0
3668
24816
7972
11104
2015
1990
2029
3786
9095
0
7767
1184
1235
1237
1223
0
9360
2303
7567
17289
0
12257
12133
1043
4609
10839
1339
1533
10601
4302
15061
3992
2761
1197
1408
0
0
11306
4210
8824
19303
3857
13610
1516
3613
7182
9123
19484
13001
3547
17223
0
0
3919
19214
19173
1242
13355
3481
2518
2651
4915
2020
2362
0
15282
4965
0
3836
13224
13894
19265
1266
15728
2187
0
16834
0
0
11823
13705
9035
0
2609
8467
7322
15978
4653
16718
7054
1468
2597
26185
3293
3600
0
1478
4574
11192
12639
16494
17208
10917
17652
11768
20989
2411
10341
11045
12025
12460
16162
4801
0
8195
6793
21085
16929
0
1183
3961
17399
0
6493
0
11399
4381
2207
14656
4351
11101
21749
19906
7636
19230
3688
2336
2291
5242
9798
10901
0
6405
0
8843
2917
11983
1418
20091
6437
0
4434
18615
0
0
0
3156
1988
20568
0
10781
16782
1337
2492
22156
22372
11691
11744
1465
1302
1476
1456
1460
1445
1483
2559
13343
0
1079
10456
2346
0
24737
6784
13083
7207
16314
12801
13479
4022
3895
5734
10586
0
22154
15258
12031
0
6929
14664
0
6462
0
36009
0
0
0
0
0
0
4232
3366
3477
2424
8060
0
8330
11465
2964
2895
2954
0
4691
0
15338
7607
6435
7143
3681
4183
10130
0
1502
18941
2803
1998
1872
14957
19147
22422
17109
10295
7627
0
9914
14654
9644
0
6607
3913
10594
2406
12039
0
6132
12792
6893
0
10680
2877
7693
18672
3830
13224
9775
0
7934
3969
13884
0
20084
29551
14928
12882
4394
6330
0
1543
18203
14284
12440
8883
4633
4004
8666
6228
3353
0
6417
3967
12752
12233
0
20824
0
17381
7053
8636
0
0
4885
4436
4891
1832
0
12057
5661
12362
15380
3712
10603
3901
10307
7657
5828
9724
14404
15255
0
7602
13793
0
6618
5627
4911
5349
14998
2741
4858
4947
7008
14036
2609
15974
3175
7726
9495
11803
6209
3668
3779
5948
4131
7535
7654
18413
15594
12672
0
3666
10691
15599
10813
18679
11922
0
2506
2382
0
0
5341
6979
0
2626
0
1687
1681
1712
1709
1681
27005
9571
16515
8295
8417
4366
23148
0
2640
3291
8572
5411
0
0
0
0
15377
15635
2387
2439
2345
0
1057
1087
16804
4089
0
0
1091
6782
4785
17255
0
13213
11550
2623
0
0
2520
2507
0
0
0
2199
0
0
0
2299
4656
9311
3533
15115
23482
0
8937
3928
7987
15257
1496
3343
6236
0
0
6267
0
0
1580
1005
0
12646
6334
12285
21359
0
19545
2601
5520
21800
6747
10428
0
2435
2398
2414
1436
0
21711
0
21108
7554
7014
0
8647
0
8821
0
4208
8489
18968
14062
4710
16615
16318
12640
17143
8088
2043
10555
4367
0
3652
2408
9810
4446
4370
10056
9575
7846
25570
12803
16751
23230
5074
19540
5636
0
1056
0
2133
3233
0
6105
15648
0
5913
11182
0
0
10342
10699
4751
12069
20170
2426
1964
13594
3304
22736
3453
0
0
10047
9111
7876
0
18903
19202
3423
0
4775
20700
8424
8643
2192
25621
0
5914
3735
0
0
0
5051
11674
20917
9693
9464
20139
1419
3913
0
2840
20833
5136
19533
6759
1468
14486
0
17623
21851
1935
10766
10504
12288
4653
4689
0
3501
14091
2601
16109
3568
1706
1374
22325
15016
1283
0
10665
7749
10039
6628
3246
0
9945
6356
6926
1336
0
0
16683
10502
6672
6416
16403
1399
3105
16236
15640
8938
13157
2550
26605
25974
23774
6614
20904
4004
1952
1946
0
14979
0
0
17843
2638
28045
4394
6130
1203
0
23157
20971
1997
6253
1261
5757
10431
8608
20398
1334
3931
7072
25444
5970
0
11254
2074
7613
0
5729
8787
17297
0
2590
7288
11245
10692
4195
6486
2060
3604
7283
21208
9265
0
27491
0
12311
4494
11431
7192
4534
3655
3193
20686
0
2297
0
2608
0
10332
15936
17285
17560
7453
7810
1264
14644
2559
1786
1807
1739
2745
5822
7619
11790
17856
18672
17163
0
0
1843
13042
0
20021
0
15317
9207
8340
5981
2941
3886
15932
13710
11014
6718
0
7374
5351
14320
16580
4508
0
13384
4022
0
18888
2248
0
1353
1365
1359
1362
1319
1319
1310
10904
30689
2736
12218
13769
14038
5667
0
11313
0
3752
3132
4047
10066
7850
18372
6665
19350
5488
4852
0
4468
21437
13436
0
5026
6298
8332
12466
8850
1246
3383
7163
0
0
20940
13307
17274
0
1369
0
15879
6553
5023
8074
0
4916
12333
20057
4767
3356
7859
7844
0
1376
4199
4665
12424
3218
17908
5133
3781
14501
14776
5032
2253
3605
16889
18683
1543
1518
1154
1280
32426
6957
11554
6724
12242
20531
2290
4674
3935
20393
9082
8629
3711
0
17137
8168
5028
0
0
17003
7880
12270
1284
2508
0
2485
0
0
3841
7985
2517
12274
1581
12770
13701
8239
20786
20545
16124
2250
9672
19764
9223
14652
1061
1599
0
8622
4797
15104
9293
17328
0
6912
3699
21395
13392
15124
6058
0
4558
3271
3206
16947
5154
1010
0
1133
0
2957
18917
10030
0
17230
11755
11431
0
0
6930
0
15033
3092
1786
0
4105
14310
5952
0
18947
8749
0
13302
10146
10592
7754
0
2867
9372
2819
4794
12928
22926
23131
12308
0
16718
18455
0
0
8321
10642
3137
2942
15007
0
0
0
3452
3310
3210
0
6167
12646
5988
6308
0
4862
3286
8919
6900
8937
0
0
0
12183
0
3239
4532
0
2789
4884
6347
20059
13881
12682
2019
17274
5403
0
11508
3841
0
4426
7053
1808
1773
11635
14685
16880
5278
10314
8931
8940
8313
0
2813
18061
5900
18531
3092
1711
2354
15127
1902
0
10120
4075
0
0
13379
1755
10659
5821
4332
22977
3645
12211
0
11026
3023
1127
0
14872
10377
8384
2783
3320
1820
21534
11488
0
7191
2390
2366
0
10398
2809
0
6919
2941
1724
1724
1737
1700
3506
7571
17485
5789
3810
7057
5810
2578
16022
0
4773
0
3779
0
9577
1777
2303
11485
4353
0
12737
12429
8544
11955
1779
2067
3906
18809
11424
3044
7134
6878
7365
2803
0
4967
7555
13175
20904
7842
2614
19062
6444
6673
5239
0
6198
1058
1033
1062
1069
1035
6366
1145
1217
1201
12890
0
12432
20023
3367
6591
0
6766
9081
0
18373
8019
0
9621
3698
6698
0
16478
4748
4790
18672
1669
7522
0
5450
11695
3702
12808
2594
1552
1509
1569
6590
8357
0
11843
16268
0
0
0
12249
5246
14288
15728
7722
2011
4742
0
0
7575
6288
6185
4126
3336
19545
0
5354
2648
0
9085
0
5473
13885
2947
2965
2919
0
6753
6452
9328
2125
1918
1966
9999
1371
0
1532
11195
9904
11665
13365
9400
5422
19342
7195
7246
17511
0
25083
0
2069
4432
0
13722
4112
15999
12364
10366
8759
4377
8553
3770
13439
10879
3073
3103
7178
9802
7897
5907
0
6433
7675
6930
0
0
0
19193
13039
1984
1998
1971
1982
1323
15633
13733
6195
0
3619
0
9494
4889
9922
8232
7894
12511
1077
19288
3547
13929
3389
2597
2350
0
0
2078
2266
0
9242
0
13620
10151
10605
0
8144
11481
11833
5848
18530
1954
1965
1937
1962
0
14586
14165
17150
1408
10194
4943
1124
1129
3365
9813
3899
0
3877
6870
9312
13026
1823
5588
6342
9103
17879
6650
7640
8343
4235
10122
11891
4481
9295
6407
13969
4434
9189
4763
11810
16639
10355
34773
9953
11607
5377
0
19805
19074
7678
0
9919
6871
2413
4889
0
6787
15360
6365
11718
0
5484
9415
1581
9892
3149
18071
9733
5386
8491
1770
2724
0
14959
8880
1623
0
7697
1379
16248
0
15776
16147
17756
2059
2059
1478
1627
2662
2043
2110
1999
2106
2067
5418
2399
14738
0
6197
7212
2460
13922
7097
3371
0
6311
13121
2965
1305
22070
8827
4027
5471
8075
5874
3445
3424
6210
7052
7092
2264
1334
6953
1930
7759
27198
2796
1167
15054
3126
3513
4785
0
7154
0
0
25694
3239
4644
19470
2414
14590
13967
14002
17666
6845
14774
4675
14091
16488
21715
10800
7127
13191
0
0
13995
18682
1756
6881
0
5226
9727
10309
1058
2473
5629
1305
0
8418
13488
0
21373
3012
4124
0
18572
6759
5051
2968
15259
5791
6260
3575
14336
20566
0
0
11415
2937
2616
6151
1442
6833
18633
8604
14661
12934
3026
17052
13254
16223
9724
6214
17734
7614
10786
11603
1971
2774
13999
6179
10565
0
0
10911
0
0
12284
12759
18646
20207
8458
17339
15006
7574
3265
8360
6195
11522
14918
10425
1822
14247
22087
2210
5269
7797
8859
2932
3217
19286
0
5071
4411
17102
2530
7118
1737
0
6674
23445
14896
3974
2689
2684
0
2093
2094
2296
10477
9494
2455
20240
2836
11169
5504
2135
2117
2162
12792
9514
15461
13293
0
1462
1074
22595
0
2621
2604
7218
4104
28572
22341
1199
0
0
0
0
9961
2190
2227
2236
0
5629
20834
0
2940
18471
11326
8247
9718
0
26829
5118
3702
18478
2276
2249
2271
13766
16386
13074
2631
3692
0
17332
17177
10887
9952
7687
4516
4757
17602
0
18116
1593
9593
5553
12122
1919
0
0
6346
7212
5665
10384
5385
19101
6275
17858
5078
20582
2704
2623
2607
2673
0
0
14024
0
0
0
7765
6700
1927
1255
11469
0
7475
6759
11355
1629
14286
3716
7502
4386
11758
2056
3658
2924
16574
2657
2724
2678
2627
14585
7031
7131
0
0
0
0
7597
2219
2171
3578
1745
3798
5139
0
8317
17963
13032
0
5115
11626
9909
20205
18503
0
9221
13890
14062
1477
15958
9537
17486
0
0
4029
4033
1019
8812
5069
3379
21040
7171
19467
4027
18984
5165
2721
17119
18973
6835
1152
1183
0
0
0
14418
25215
2910
23609
8193
21285
3368
6668
18838
24916
9266
10866
6506
9781
4457
11900
4971
4477
0
7152
0
10121
1170
1375
10820
8083
0
3807
8925
0
0
0
8376
14457
10669
0
17870
17101
15731
0
12899
0
13842
4309
10846
3943
6749
24961
0
13947
2260
0
3391
13324
2569
1341
4603
11897
0
8960
19102
6713
0
12913
12337
20265
0
7573
2736
0
18084
2652
15737
2048
0
9209
6180
5322
15772
5534
14533
15563
7159
4409
6483
5705
16309
5043
16811
19477
13375
11687
17169
14399
17595
0
1957
1035
9062
16295
6988
0
18048
15845
0
1152
13693
8117
7172
0
0
12161
6245
1205
1232
1116
1227
1176
0
2218
19474
10769
7032
21244
1084
1121
1136
1123
1123
16922
0
3012
7565
6241
4189
2895
2757
10422
4927
4352
2019
11914
0
5913
19570
13166
0
7949
5992
6815
12091
0
13227
13455
4108
1642
1638
1642
1636
0
0
11014
11002
0
3773
19341
0
8031
7622
5917
4989
10169
0
12527
0
10023
18111
9958
3127
0
2361
0
8532
16795
14068
3176
0
3416
0
0
0
15908
23988
2927
5950
3043
7729
2461
2553
1783
1526
7408
2903
1628
8791
11725
20274
10963
9758
7736
2811
13376
3908
11000
2503
22526
5539
11428
0
0
10416
0
0
6903
10356
18030
6135
4388
8899
1542
2003
19455
17072
2845
0
10524
0
0
14952
11077
7092
0
10666
23711
1846
1818
1847
1802
8565
6729
14788
13402
0
15056
3787
0
7769
4609
16589
12403
2566
12969
12702
18462
0
4512
3594
13775
4291
2124
6519
13799
13661
7995
0
6376
0
2971
0
0
17082
19109
15232
4504
21130
10865
18423
6479
7902
14560
15296
4976
4600
2931
0
6811
0
5290
17446
15525
0
4928
7338
0
4313
5344
6045
0
4193
15883
13995
9296
4099
0
1632
19931
8149
20146
0
2974
2989
2968
14736
0
0
0
9025
8501
14413
3203
8434
1726
2356
0
4280
7041
15997
7454
15215
11492
1594
1812
10960
1270
1281
0
8782
1348
0
7980
14312
10138
2234
9894
8522
8174
17118
3637
5045
0
10382
7529
25877
5007
3418
0
0
5603
14596
0
0
9460
20961
1924
19405
0
0
0
16103
7827
15365
8661
2275
0
1579
6438
1677
17418
3408
4671
0
6490
4274
1180
0
16084
12919
3345
6399
3462
10177
6797
17639
11697
20740
0
6065
0
11082
8626
9721
9880
0
2362
13496
16051
1321
1351
1348
5444
0
4437
4988
2178
18682
2754
10472
10811
0
6773
11570
3007
2994
10115
6259
22773
9237
9308
0
13872
3899
4674
1384
1304
1275
1936
0
18174
1392
1449
1416
1418
1394
0
5743
3365
8212
19044
14493
14226
14336
0
20983
5406
3298
14113
16255
7011
4940
3659
1100
0
0
0
9865
2252
7339
0
1878
8971
9944
0
9171
11831
6420
0
12515
7028
0
17566
11013
11725
5075
9633
5757
10101
16793
12781
2695
1486
1367
1507
10296
19603
9897
6042
3476
0
0
21111
0
11792
0
7863
0
14232
4016
6122
8354
3447
11472
10477
8403
21369
6025
14158
3767
11528
1342
1172
0
2081
19316
12901
18971
17043
2831
0
5749
2759
0
14145
2801
2810
2805
0
0
8788
13371
6789
2315
20696
13210
4318
11097
9447
8055
4037
8889
0
20133
3443
20413
0
3636
2950
7537
9919
5928
0
21951
10735
2729
22076
9111
9563
15927
3062
0
13008
0
22522
11359
0
16357
0
3375
3232
0
0
17750
11982
5795
11876
18650
0
0
0
0
0
0
0
6981
4930
8790
0
4027
0
5600
0
10507
16022
0
17529
5758
5852
5869
15021
8655
10348
12972
4774
10334
17631
5682
0
0
1814
3736
12328
3430
1015
9277
12871
5248
21231
7539
2426
7479
17143
2095
2781
10584
17130
0
0
1742
1394
4978
4499
9217
2751
1264
4228
2177
23205
0
14989
0
0
6173
2283
18444
15296
12341
17373
3562
4731
2867
3976
10569
9928
0
3033
0
0
12271
0
2065
14405
6023
5658
8323
0
9928
0
2174
5847
13962
0
16454
0
1181
1215
1760
11283
0
5360
6298
13179
9007
9002
1399
5433
5679
0
3715
20649
2852
3971
11739
2561
15452
13451
11375
3226
11302
7393
2678
0
0
14244
18458
13647
14008
13307
13020
0
0
11610
25680
17988
18840
8492
13834
4077
18476
0
4572
9458
0
0
19880
10659
3155
3123
8930
8202
4743
17507
2436
2410
0
2123
8217
8783
9049
3615
11139
6565
14940
0
0
8701
2629
15726
7739
3593
3248
2805
11243
1140
15290
6442
3682
4720
6615
17528
5009
8831
4967
0
6254
0
2428
2331
12109
6273
7381
3958
4922
1003
7598
1868
0
11459
1395
6321
0
13757
0
0
0
15128
21292
1380
0
0
17901
0
0
13781
0
1321
0
0
12167
5567
0
10261
12612
23783
8518
3672
0
4393
11175
0
6725
0
2551
4677
4698
0
1553
8328
0
12621
2959
0
9480
5078
5267
6189
16703
10135
1624
15527
0
11854
17925
2483
7448
14905
12070
11469
13608
10799
0
12614
8237
0
6053
3715
0
18809
15782
12878
2375
0
0
20984
4022
5897
16173
9133
23009
2397
2216
9776
14716
27016
11048
13295
7410
1831
7899
11996
12434
9560
13127
11250
20011
1170
15806
21636
0
7401
9562
10054
12601
9946
16317
11838
5419
0
12864
17982
1506
15249
0
17936
9377
17195
0
0
0
0
11122
3023
0
10487
0
6574
18664
1315
14513
22587
2175
0
6350
6534
3526
3388
2184
13418
15853
26081
0
0
12394
11502
0
0
2179
0
0
0
0
2237
2271
2265
0
3334
17208
0
17275
12966
3480
5618
14060
11258
5067
20562
2247
3237
14250
4926
2508
17893
1081
1242
0
0
13738
19307
20969
7166
8086
3280
0
0
0
0
3990
17609
2118
15391
2879
1267
2655
3728
7586
15504
12235
7732
0
8151
4149
2447
0
0
1509
8717
1669
8661
10087
22852
1644
1608
7579
2860
6514
6762
3071
0
0
6002
0
1487
14368
0
0
1233
7777
8330
11427
6165
15668
8533
7213
0
21460
15616
6551
6251
6151
0
1738
7969
17529
0
0
2457
0
0
3130
0
5253
11675
25275
15920
6856
7453
2760
2653
0
13989
17808
17811
8867
16232
0
0
5402
0
1965
1950
0
1031
10313
11488
5069
8028
0
13160
11957
2573
2292
7163
6708
1682
9581
0
17389
8875
15676
13039
4998
0
3435
0
4067
0
13132
8649
7180
9424
0
1481
8435
2719
0
0
4940
4093
2143
11932
11282
1328
18900
8999
2655
13004
6962
8272
15452
6840
16855
2178
4329
7903
4383
10313
11721
13192
22145
13724
3005
0
4464
5464
4779
5322
1246
0
7454
0
15203
0
18764
14156
8272
3208
4173
20230
15401
3064
7989
0
0
9540
6209
17782
1350
20239
0
4650
5643
15208
0
0
18944
7305
3297
10646
8249
4034
9667
19615
7728
14081
7295
8433
9338
5853
13383
1441
11043
8534
0
8975
4262
11129
20131
15558
24942
0
16430
6042
0
1393
9602
11146
20122
4810
6340
4930
8841
17686
16331
8287
4850
7909
7143
10171
7792
3838
0
3359
7149
8683
0
2384
0
8455
0
14176
0
4801
17463
11204
3071
8697
21867
0
3567
10768
1978
0
1441
20772
9682
15038
16801
5234
5416
3309
0
0
13810
8497
9625
0
20251
15610
13549
3264
25515
18062
11572
19729
1271
11789
4983
7741
7455
0
9853
4526
0
13396
12719
5314
7061
0
4422
0
10281
0
1895
15443
11249
7542
0
0
0
4276
19576
1271
11564
2510
2240
3371
0
5016
0
3329
0
13150
22260
10976
15599
2182
3655
3628
16017
22893
6275
3056
11112
5417
7899
18914
8147
8669
3652
13919
1841
9272
3420
2403
7690
6055
1050
7340
0
1072
22757
19431
6163
0
11678
15266
10032
0
0
10441
2267
4000
8832
12299
5003
1601
10153
17846
6222
0
18990
9785
0
1332
1419
2178
2879
1927
1879
1930
9996
0
8434
6180
3413
5074
2733
1563
6462
9716
15827
15899
5370
12143
14325
8507
6995
0
6297
11704
11114
3484
2418
2349
2393
2414
2350
1763
1062
2219
6423
3911
11529
8064
20830
0
6450
1720
11407
0
0
2529
19825
1161
0
0
10596
13459
3270
2247
12268
2904
13977
17064
15716
2563
12060
0
3578
5994
1305
1301
1313
1329
1306
1314
1265
7848
17496
15223
7756
0
4761
0
16353
8916
10638
2314
4355
20496
10186
16587
0
17661
5819
14931
17293
11247
8527
2726
15184
9430
8913
5896
5438
6098
10971
4667
11206
18028
1207
0
8837
8299
0
21270
6949
10107
15363
9963
11363
6780
0
0
10858
15106
2071
4974
0
23358
8884
17019
3911
9484
15727
0
16268
15995
6759
6805
5079
0
1584
6423
6441
0
0
13282
3273
16440
0
0
0
2264
2291
22275
0
2613
8074
0
22239
13218
5031
9182
12076
6874
1279
1304
1298
1343
1294
1963
0
0
8039
6690
0
5395
0
18033
0
7340
0
3482
6588
10965
2890
22789
14021
6264
4024
19058
10682
13819
20946
2138
3458
15276
9064
1894
1460
2616
2205
17612
6833
0
9301
36308
1864
2205
9190
2520
2072
1381
0
7086
8702
0
9080
11283
20326
24505
31630
17096
0
2632
0
26648
0
10697
0
2876
0
0
14525
0
17120
10424
10325
13655
0
0
9608
6674
13155
8395
0
0
14722
11503
0
0
9414
14919
12492
0
10223
2406
2292
2196
2311
2786
17887
3963
0
0
0
6043
8983
0
0
19189
0
20695
12006
14347
3829
7568
22403
9685
4895
0
2960
17585
5300
1306
0
11388
2797
4277
0
4173
4855
0
1947
14695
0
0
15544
1065
3598
4186
6812
8758
13166
3744
7114
6207
4476
18083
3249
14779
5055
1131
10928
6607
0
13819
20928
17560
8999
2375
4721
3454
5297
0
13021
7533
16650
19374
4650
0
0
0
10384
1507
4449
18923
4395
1702
0
19666
4097
10032
3638
5437
5659
0
2623
2644
2567
2628
1371
7730
23190
10348
1310
2359
14012
1254
4033
14931
5688
0
9907
5019
7371
5325
17062
0
10731
9248
17122
15287
1085
0
26107
0
0
0
2782
2811
2775
2797
1989
15191
15854
12025
1627
5321
2092
7243
7348
2966
2724
9121
5552
0
4572
7787
13126
9074
10569
6344
10451
0
0
0
6761
2027
1885
6320
5673
7947
0
0
4361
16764
10081
2764
4663
10261
8114
7428
0
5194
3607
16681
19812
5592
15837
0
0
17222
13475
0
0
0
5170
11214
3748
12713
6741
3498
27428
8136
3377
21599
3294
3172
9063
12338
1585
3538
1012
7938
4401
0
0
7407
2559
23937
6268
7081
10531
0
5053
4043
16348
2516
16989
5444
10414
24036
10633
0
1088
0
0
12461
4388
3286
0
0
18739
17704
9309
15033
3023
0
3874
0
14928
3221
12840
19637
14104
20362
3766
3628
1302
6716
14411
1747
13957
15630
7482
0
14584
0
24917
0
9888
0
6988
7665
2449
13358
20132
11517
7186
12883
8827
16586
3819
7411
4322
8820
4826
9241
9532
0
10991
17982
3138
8471
0
0
1422
0
4751
9473
0
1818
14295
7051
19790
0
5069
12120
5221
14039
19545
0
0
1793
1834
1733
23160
6533
0
5437
16312
28008
21696
4909
0
0
1972
0
0
9000
5603
9322
0
2494
3218
0
15863
12907
0
0
6971
4140
0
7688
22507
0
16258
14787
19860
20397
2006
0
1933
9740
6770
22059
18926
6832
4573
11914
3483
1291
13872
5342
17615
7983
18065
9783
5337
4524
11845
8062
18821
2938
2200
1390
11593
0
10562
0
3902
14816
6369
2687
2685
12199
16372
7045
1594
19040
0
3075
3122
3100
3075
4298
2129
0
18299
0
17787
17568
15207
5488
5491
0
4410
12931
0
0
0
1673
1517
0
0
0
7767
14240
10014
11736
8512
1155
6718
10794
8388
10901
5245
5801
1098
11171
18829
1069
3554
9560
15394
17210
5197
2536
2131
11871
0
3738
19165
3356
0
12859
1555
17226
3208
5230
18079
2407
2456
7661
1873
2520
0
0
0
4703
16575
0
2403
2400
1597
4595
4909
22391
9761
2199
0
0
0
7253
0
13798
8177
0
0
13642
6839
4278
17860
16844
6578
4048
4073
11497
7463
0
11023
0
0
1100
15550
9139
0
4410
2749
18197
12787
1878
2970
11537
3638
17890
3290
14284
3437
12472
5099
5731
13957
7466
18887
13142
0
5011
7125
12231
13784
0
4671
17306
8779
0
0
1059
7861
4544
6312
3294
10987
16934
11156
0
13778
4038
2167
15982
3317
0
0
11211
5892
7006
8745
0
2329
2304
2362
1446
1395
6930
7953
2602
4370
2921
19485
1507
10618
7133
7942
10760
21565
5115
8240
8932
23634
0
11176
0
0
2179
5871
1569
4469
20880
3700
2119
2100
15531
1229
1297
0
28012
17694
13605
10642
9614
1244
0
1563
1273
21988
22219
23808
18609
8293
4725
4394
10874
1419
14401
9475
19022
2883
4631
0
16135
0
9529
0
0
3089
11388
0
0
4604
9585
0
15468
0
2461
17984
8087
10846
2045
15445
9545
11637
12557
3110
18555
0
1978
14898
12538
8190
13447
0
0
7419
18992
0
3766
0
2256
2250
2209
5389
7295
0
0
1555
3080
10767
2516
2597
5533
4693
4692
23580
9448
9787
19324
14057
14322
2119
2105
2115
2043
2079
0
0
4807
6081
19249
10281
7564
3197
0
2542
22773
5238
8957
12379
10359
19552
15791
4958
2729
9876
9757
0
4434
3633
17641
6417
0
9745
18360
7929
23406
1086
5181
11067
0
9115
2932
5839
3444
0
2125
2156
0
4953
2767
1305
1590
1992
2076
19327
7486
17115
11435
11525
8357
14221
10581
2044
17744
7154
6301
14259
3827
0
8580
14119
0
3491
2193
10472
9959
10190
14459
18825
15768
0
2261
0
8326
0
18061
7668
0
0
4101
23405
5344
23992
1760
9763
0
9047
7895
20802
5323
0
0
2736
0
10963
11995
4477
0
7840
0
19946
0
3085
12072
0
3645
3677
2391
15528
15207
4563
13630
3679
3429
12312
2711
5241
9223
2066
6802
19116
18123
6655
7634
6929
24751
15448
3437
17347
0
9235
10858
3185
20518
2475
8836
9117
10520
19356
4175
19267
17410
10799
16415
3140
25624
9851
17655
6161
2018
0
1503
1497
1503
0
23066
2715
0
12700
2651
8367
12910
0
7856
5041
5675
19832
2252
10651
9986
7856
23490
0
0
10931
6510
18732
0
13612
0
7093
23859
2031
7778
8501
10496
7629
4557
4028
0
0
18274
8450
1378
1606
3888
0
1036
1091
1086
1111
1051
1090
4578
1304
2438
4617
8503
2301
2339
2308
2339
2353
11204
0
6864
11203
18452
0
0
4598
16849
1743
0
4273
1387
12456
0
13710
15099
0
19771
3379
3365
3418
9133
9970
0
3373
4879
0
10179
1191
2038
2065
2014
6843
11878
4926
14792
13626
12894
0
2123
2117
2138
2133
2453
2471
2210
6297
13668
0
13698
0
21115
7453
18034
1707
7858
1200
3576
10038
2476
1772
26055
3955
1926
0
3212
3116
2121
2123
2111
10611
0
10334
12239
11069
11316
7353
4208
1977
2121
2533
8129
13540
2277
8478
26244
16481
5613
7725
6700
7483
12467
5706
3329
8438
8212
13086
17714
5782
2448
15972
3770
2597
13341
0
9690
1436
1460
8779
0
24276
3485
4994
4988
1225
3264
2530
2580
0
16911
2843
7898
5278
6245
5637
4126
10421
2504
24131
9821
22131
5226
14320
8695
6675
2857
0
0
0
3287
1789
0
4491
1799
15600
0
0
9623
5289
2336
19816
15045
0
5586
11627
9526
2798
19539
9740
6505
1422
0
2072
0
3964
5897
24304
10718
0
14760
3768
1691
6965
1435
0
0
10141
6703
4255
0
7692
8685
4910
4662
5308
0
3970
1192
8175
10096
3957
3961
4042
3951
3509
2651
17880
5904
3942
4577
6827
10596
1199
1796
0
7790
3957
4021
13247
9508
12077
0
3007
14105
13295
1933
8300
7474
4914
13476
4196
9983
0
14958
2920
17749
12463
18053
0
17538
10081
5042
8213
12036
0
13597
4949
8696
2553
4443
1460
1401
1356
1323
16985
12206
13885
7314
2401
2962
1541
7637
10002
0
12444
8547
13583
9480
6944
7803
8347
2398
0
4136
2516
3465
2556
13509
18143
23816
7923
10330
4994
15549
25269
6856
1736
0
2775
8105
4454
7652
13268
1323
1405
9216
4610
3430
2564
22854
0
9979
5606
4643
0
10357
21065
0
17852
16999
17414
10648
4864
1604
4651
0
1233
2301
0
2311
2304
2331
15118
4252
2748
18898
10186
1375
3013
2960
2999
13578
1191
19160
18135
17329
18372
8059
4479
6736
4782
20461
2303
2329
10573
11823
3149
0
0
10516
5859
3597
8376
9550
7462
6378
3004
9782
12750
1403
0
0
13008
2381
5752
9448
0
0
8014
11605
0
11211
0
5072
14314
13225
12639
10280
0
4364
8924
17787
24477
8671
0
3679
13117
3770
25507
11798
19115
17680
2593
2976
17735
0
7078
1310
5571
12823
0
3312
11734
0
24892
14630
26440
1369
18185
0
3997
5132
20223
11970
10094
5800
8430
8607
1943
9754
13827
10933
5848
4286
4284
3863
21673
2991
6939
10207
12964
5759
7698
19771
4873
11503
14309
3454
6264
5201
11688
7338
14701
2076
2067
2036
2091
2087
5169
3930
0
8457
15535
3487
6313
0
8269
1843
23160
24342
2602
5867
0
1773
1757
1763
1237
3291
9647
11369
1524
16439
10745
3600
10143
14467
17340
0
7534
0
0
2424
6525
7421
7631
7818
19130
0
0
3645
2221
1501
4248
7917
0
13953
0
1592
21333
8501
6187
7685
1285
11654
18647
13114
14708
2143
0
2173
0
10781
15292
12379
0
13282
21752
2423
0
18969
17659
12434
20507
2197
2198
6756
6741
0
6331
17950
3942
7605
8052
8133
8330
10243
3976
4446
0
4040
20957
10412
0
8606
22135
4509
14412
6015
13069
1396
1348
1378
1345
19657
2061
4110
7369
5271
5780
0
2960
5290
0
6261
14609
0
1363
6015
10659
5520
14098
4631
0
0
2670
15418
18386
17328
18573
13952
0
18543
2590
3856
23571
0
0
7169
18276
2524
3190
4880
4169
0
14860
1837
19262
1526
17327
3617
6538
34051
6275
5547
3489
15019
6864
9249
0
0
0
19731
2061
2311
0
0
4832
14993
15515
8757
4565
14824
3217
10357
21285
4452
0
0
0
1744
20741
13331
4009
3451
13439
6654
7249
2329
15358
8541
7695
9150
8470
3164
7369
10838
10206
6592
1363
26231
14283
4922
4990
6525
5544
7640
13863
19433
0
4704
0
4309
10067
0
8404
5314
14547
2808
2837
10969
0
5895
14595
1890
6717
2796
0
6941
6184
2637
9343
6542
3911
11817
12538
2344
14312
11813
11299
7916
9118
0
12146
8657
7197
11695
5281
6872
6825
6270
1716
0
3877
1654
7780
4432
8914
0
9559
0
24580
4183
5123
5376
3777
9689
1339
9055
0
0
14410
6108
5426
7281
11547
11115
16617
1664
6373
0
1941
5582
2673
6330
5986
20621
13002
0
0
0
0
11135
2854
6734
9294
3815
18683
11733
0
5727
0
12732
15227
14029
13933
1532
1528
6016
1056
2886
10911
6573
0
16404
0
3177
25526
20751
4799
0
6060
0
17230
5086
1449
20428
5564
8466
5573
3420
2554
8928
5937
25307
2284
5155
21656
0
2421
2473
2444
2479
7042
1943
27007
5352
6844
11803
4919
1198
1185
1177
1191
1187
1200
1169
1192
11116
2254
2334
1486
0
2762
2662
12446
13740
0
0
16202
2526
8530
0
0
10647
6407
17896
2313
2209
2260
2228
2205
2230
17712
15243
19784
3340
3217
0
8278
5743
33637
17501
6689
2835
19630
7684
16879
1773
0
20560
16732
18170
0
8357
8269
13550
16378
9644
3617
6101
12124
5930
10132
8555
22154
1502
7977
0
0
0
12046
0
4088
0
22232
6659
18300
0
32521
8315
4164
5169
15229
19973
25435
8611
0
0
5351
20012
1967
2639
4163
6169
0
0
0
0
0
0
0
0
0
0
19447
2899
23035
19815
13283
1222
1201
1187
1204
0
2862
5399
13752
9360
0
15668
10177
3032
7225
10245
8801
3814
9594
1966
6734
0
6102
10378
4856
12554
3450
2903
11254
0
0
2264
2279
2291
2298
13369
10760
13765
8410
4281
12230
9987
1645
1074
15043
0
9753
10669
13745
10986
0
15279
7254
9573
11495
0
9793
0
0
7874
0
6112
7149
2055
13657
5872
7643
17065
0
3055
0
9578
2613
21072
4693
17900
14113
14418
7550
10040
23841
9245
0
9029
10741
20784
4519
3439
18770
8128
19333
8837
30105
0
11821
12864
2305
16150
0
0
1684
1477
3567
8906
17638
3548
3313
3718
3839
6033
3578
5196
6837
13417
0
6705
23523
24409
0
8653
0
0
8146
5407
20273
1789
0
2176
6875
10164
0
2488
0
1389
4907
4391
4393
6580
3099
17195
0
13121
2260
3904
1425
15876
0
0
6402
21538
7798
7758
18563
2168
0
4437
17395
10250
30455
0
0
1502
26850
1190
13221
7845
18396
4357
0
17645
10263
7001
15895
25716
2986
28793
0
3592
15703
0
6242
0
4620
2819
9656
4253
8244
0
9897
15012
25843
0
0
0
12332
2159
2005
17303
17064
17364
0
19532
8212
0
2371
5012
8156
6962
1126
1318
7599
9216
0
15188
26534
3896
10701
0
23464
5204
0
2931
7986
6047
3548
10020
15119
15348
10396
1379
3016
0
16589
9931
12629
1676
19837
11038
4698
0
18965
15070
3279
15371
15258
17908
4944
2681
2675
10050
2031
5766
5137
0
3577
13809
1717
18128
16510
20700
5693
17903
10903
2105
3229
3433
8508
3855
6936
21675
0
22012
7677
3085
10279
5770
13704
8986
0
19678
15172
10898
5792
0
5522
11049
8371
1667
14847
11040
20392
7473
1974
14241
1433
11199
8634
0
18448
14900
22302
9722
8242
6228
0
2491
2482
1885
21322
0
9764
0
13273
6788
9086
3130
9435
2956
12300
5625
2289
2780
17668
10609
12845
5180
0
4737
1079
6770
4514
1919
1851
1860
1862
9455
1066
11534
19116
30348
17666
0
17120
17106
2494
17167
7046
1503
0
0
10684
0
0
0
13931
5637
9526
13296
0
15509
0
5029
7612
0
2632
4256
12668
9000
3801
8779
11373
5104
0
4372
23803
20768
4820
17118
7343
8978
16469
2111
2370
0
29267
3095
13593
8370
2366
11129
10033
16162
21712
3206
5237
13433
14662
9824
10219
12485
0
0
2564
2576
2418
18951
25746
17446
19680
8640
4191
13419
11855
10273
6124
0
7674
7247
20478
7334
7364
16386
0
0
8120
5653
0
0
22441
2756
24518
8816
10698
5476
7344
9919
9920
4537
0
0
10665
17519
6524
5012
0
6078
2252
11959
13581
19344
15142
22567
5281
4341
19528
6429
7854
4013
3229
11987
9954
8029
6373
14628
9111
15929
8628
0
19015
5172
0
19266
11440
1765
6735
8579
9056
1781
0
24653
5885
2829
10585
17571
6289
3403
0
16182
7845
0
9844
0
0
18461
5962
5968
21350
10189
17556
22074
11500
19878
14007
12934
10221
18583
0
19402
5321
0
12909
0
9269
0
4431
5683
5038
10537
21412
6686
2581
8310
21392
0
0
17114
19857
4361
19801
23638
18287
17686
2342
2779
17551
8091
1908
11679
0
2977
13887
0
5678
15098
3999
19130
4872
10715
1566
17824
14511
4264
18953
11644
5959
1632
1371
11734
28302
2438
5543
1767
1414
1481
1461
1305
1463
1072
0
10384
11461
0
9881
18105
17428
4275
28335
7552
15499
1489
24262
17877
4192
8148
25925
15902
13427
1856
0
17297
6761
0
1549
3136
0
10200
25718
0
0
2410
12981
3854
15213
5221
21124
6059
11301
0
3051
1129
20809
3095
12024
8151
5040
1404
3546
1901
1659
18640
15836
11745
1640
11840
17071
3049
6698
0
16945
11782
16280
0
0
0
0
4769
4731
3052
8171
4041
0
0
0
2948
0
0
6588
4145
5859
7159
20717
14806
2625
6767
3900
4050
12257
0
14442
8948
6114
5921
10842
9608
10079
0
0
2878
6357
12826
10579
4532
5084
4116
1188
1158
1160
1129
1123
1098
1127
4303
3442
3994
1165
9373
21699
9746
0
2070
14301
0
9558
1212
2441
0
2961
2991
1409
1494
1381
9027
2533
5048
3931
5980
21852
19053
4201
5678
5695
2027
10128
16890
21252
9368
10038
24762
0
6012
5987
3677
10263
1158
0
12124
0
2117
2076
1996
2125
1964
18128
22266
9197
13112
19179
10975
5726
5725
13823
9931
1349
1737
1063
16773
5259
1139
1362
1034
11241
7682
6319
14093
2249
1704
16500
15307
0
10601
13634
1541
6728
11525
7585
11021
2563
8050
2402
7183
13846
2889
7359
7266
20427
7099
2588
0
2335
25381
7513
18432
1544
1562
1556
7035
1150
1138
0
0
10898
16914
2343
11496
22625
2088
6481
2139
13382
14005
5346
0
8564
20369
16174
10321
11872
11432
4510
1288
0
0
20671
3952
15009
1487
0
10353
4838
1668
9821
1135
1678
6562
10938
1033
0
0
0
0
20606
0
2296
9409
0
2168
22045
2292
13313
4636
20829
5772
5300
11712
13084
8486
1514
5582
11401
33137
12083
0
0
12149
11021
0
19694
27150
0
12895
8403
0
6430
5435
5490
4163
7773
0
19468
2979
2981
0
8498
0
25363
0
15786
14352
0
11676
1534
2785
16565
0
16513
1840
6541
8203
0
18435
11463
5908
10614
8520
2775
2765
4597
3334
1722
1707
2565
2550
16485
10871
16789
9446
13189
39751
1612
18776
18783
4863
4856
4852
8459
0
23092
9093
18773
3026
19946
3578
3374
0
0
7058
8544
16179
18098
11128
15107
18015
3416
3417
12048
7853
22165
9747
0
15785
7733
10211
6219
0
2428
3617
6842
2855
33864
5863
8930
0
1713
5007
23746
22476
6348
9175
7098
9959
3587
6092
1500
0
0
2547
2557
2541
7320
7335
18777
2605
0
0
19411
9837
0
21809
9600
16466
14342
14823
17526
12605
0
18470
0
12802
5154
2031
2454
3736
6639
0
0
4293
3643
16788
5786
3562
0
13862
3107
17532
13922
7351
3707
0
0
0
1880
1360
1473
18051
1995
26077
1749
3971
5071
5959
3370
3066
6958
9934
0
0
20397
11076
3283
6329
14079
10929
21944
5156
20717
2983
3117
3072
23539
24664
10765
0
7261
1408
0
6047
4109
1162
8980
4534
9771
0
22881
17960
7683
18272
1599
0
14018
19469
9243
0
0
0
22915
4389
17861
8377
6380
8882
12044
22031
14748
2170
18927
8585
6328
2886
3907
3926
8913
10104
19516
9234
17651
0
4244
9531
10131
3386
25722
13835
15551
0
6874
9664
6692
30455
6244
24993
1609
14915
2051
1916
13176
0
9908
18464
3990
3168
2543
0
9469
0
20618
20271
13953
0
14990
19321
0
1826
29598
5205
0
12785
17346
6964
9859
6490
5978
6323
1931
1926
13758
13644
21528
17663
8203
4240
9933
8961
1746
1079
27948
9036
0
27041
9995
11563
1140
7188
31636
11892
4635
10978
7276
5456
18958
6271
2602
1128
13194
16639
14703
20706
2824
5463
2053
1887
2026
3254
19515
9337
1218
1105
17947
2534
10186
6253
0
4551
0
5500
17858
7736
4938
3173
21996
2765
15800
13840
4524
1216
1180
1159
1202
1191
1216
1165
1156
7413
1184
24095
13432
8688
8300
17285
1632
0
3719
2490
6201
2939
1227
3374
1568
0
0
0
0
13243
0
5610
21955
8085
3869
1437
3296
3395
3332
18160
20204
18061
0
5512
20754
5993
0
1017
1078
0
1028
1915
0
8755
12376
12843
12276
3028
9573
1222
10109
5098
6490
19932
0
0
3806
7391
0
15745
4738
8462
8676
11444
9558
13814
16252
16411
0
2941
11960
2385
10196
0
13274
0
0
1814
19172
20573
16011
6563
1955
17429
8489
20147
4479
11100
1424
2326
15914
3450
9830
3423
1744
1511
9221
1095
17664
1394
4958
0
0
8059
9176
5023
3562
3967
8950
8954
10253
0
0
13321
4021
16168
15746
4946
1565
0
2048
0
21082
15446
5752
1957
1998
14203
7118
0
0
8784
3366
16985
17440
2535
4972
0
3067
3113
0
10334
23096
5128
0
0
15940
12665
11254
22945
1256
0
7371
16440
3970
8399
17492
0
7341
2751
4459
4489
26587
2645
12516
20890
0
0
3978
12731
20302
8427
16252
8592
9456
2448
2423
12185
2325
2319
2268
10520
6885
2137
8383
2436
2576
6005
4059
9519
12754
10045
9763
8206
12453
18497
3775
20582
2292
19703
3299
10741
12238
8842
17431
6112
14917
19921
9417
3323
0
4921
0
0
1694
4867
9679
11609
5846
4865
4826
4839
4880
4819
0
12089
19694
8661
8622
14630
0
12407
1891
1656
7884
3897
14387
3637
10577
4700
15480
18209
2421
8416
1224
11698
16718
5409
8509
3190
15504
0
8621
3280
2870
0
8333
1706
0
3430
2942
0
7423
1299
23875
0
17821
25123
1833
2225
0
0
22094
0
7069
24961
13653
2912
5681
10346
1823
2016
6143
3879
6310
7778
0
2502
19380
10686
9842
17123
9154
1827
6556
2325
13476
8835
0
17650
9904
10944
17164
19696
11251
7720
32311
8398
1090
1097
1057
3609
16222
4254
11318
18996
2175
6428
1592
4700
2889
18968
11406
7585
3501
0
3519
3528
7465
5778
4847
6697
12005
19622
0
11260
0
4118
2196
4439
14202
7128
3364
5690
7923
0
1956
9786
13467
3294
0
1139
15357
14865
1015
1022
10514
3932
2709
3326
11847
6245
14672
9430
0
0
4106
8459
4199
16056
5341
12870
0
19262
14326
4109
9940
18382
13077
17176
3507
6386
11035
1388
1401
0
3782
8586
16146
6678
10395
2601
16145
4649
19486
16836
0
4548
1070
1254
4355
0
7465
0
8321
0
20476
0
1615
14437
0
10981
7568
20334
4313
3602
7378
6942
4796
5508
1367
1335
1289
1376
14727
17018
17098
0
4166
18283
4985
8990
1824
3220
14010
3502
16537
2619
26396
8944
0
0
2305
11716
24751
0
0
1835
10738
4892
15450
6735
4608
6951
0
24257
5019
5216
2919
6762
1185
0
15849
10442
2437
19243
7402
0
9161
2529
3967
0
2151
2897
0
0
3614
0
17931
3906
1518
0
0
0
6907
0
10606
6443
15087
7838
0
0
16108
5611
1051
8232
10730
3230
9483
12163
6724
0
0
0
0
13668
3515
5626
15142
2789
0
19045
11471
18777
18166
3942
9654
0
6408
10957
6966
2443
2443
12255
16577
5197
4090
8582
7889
11913
1602
4971
1310
1020
1083
1101
17918
0
13049
16773
9073
9899
4491
0
2952
3264
0
13680
0
12920
4866
8393
6199
3882
4482
7337
0
1676
1711
1690
8411
0
1491
1806
2043
4090
3205
13206
8293
0
2072
2150
32783
1075
0
16363
0
0
0
0
5368
23025
7903
4395
6246
17122
0
2369
3445
6157
0
0
4197
3376
3755
1565
22631
21573
9186
1855
5806
1629
10737
9557
0
0
3131
4988
13231
2819
15424
12361
4448
0
2109
2333
0
0
0
2455
0
16197
3750
12042
0
1607
1566
1539
12584
4933
6010
2819
4642
21160
0
19627
22436
15577
0
5387
0
0
11694
11018
3199
3155
1070
0
7039
10017
13266
1003
1378
1445
20043
5527
0
8253
3497
0
7650
0
17909
18683
19220
2230
19535
14818
3950
22556
1171
0
3516
21610
4049
5476
8904
0
18345
20367
10608
23205
2366
0
7443
27186
14756
12858
19709
9706
8397
13792
1433
9781
0
29149
1811
3562
17968
0
8795
3644
14074
1844
0
2690
1506
1607
2588
0
0
11880
9983
0
9515
1345
0
3550
5439
4738
1398
1617
1623
1601
3484
4533
2546
8958
4108
13324
9197
2245
3999
15204
18635
0
22432
7132
8294
7128
0
0
2325
1677
3082
11491
1939
4317
17192
21662
2491
2485
2497
4872
6209
2028
4909
14188
6793
3401
11567
4130
5690
0
0
24242
8904
10436
9683
6261
5245
6368
4914
6207
20268
17332
2780
22969
1646
1074
0
0
0
4652
0
7924
15083
8592
15854
2213
8385
0
14324
0
7277
0
1413
1431
1194
13172
6495
2413
6901
3447
0
6692
4886
4004
11074
1335
5664
17914
0
20019
18938
4310
5169
18123
0
11973
3200
4539
14308
2768
9419
9049
0
21548
10248
11574
14269
5025
19131
15419
4694
12563
8164
6904
9470
20459
0
30138
10316
4082
4154
6100
0
11451
1079
13760
5344
17334
0
18983
0
18332
0
15294
5999
2670
5675
3435
8312
19696
9499
2227
28127
13039
2426
2471
0
0
7372
17249
20865
18323
0
1492
7270
0
2660
2854
4632
5963
5193
1709
8101
1071
0
1239
1174
1321
2077
9599
7867
1835
4046
9321
5770
7272
6204
4247
4493
11588
19298
5638
4101
16500
0
0
5551
5727
2569
4906
4907
8884
23893
9525
8219
0
0
7536
6397
20234
12958
7542
13373
6758
2205
3871
5381
17751
8054
15185
18121
7658
4372
0
14530
9883
15951
17280
0
1264
0
0
6607
14790
8056
9306
1958
10762
7016
5474
9248
7524
23002
3447
9545
14163
3799
14606
0
0
10143
7532
3570
0
0
14722
11997
2181
2480
1604
2744
4870
4676
1293
3374
11098
5369
1216
15959
13191
16001
1828
0
14476
2981
0
13840
2040
13804
4238
15452
8001
10075
3692
0
18687
12368
5252
14702
1850
1880
1853
7303
0
4894
2148
1221
7659
4047
2262
2131
2093
2074
5462
1806
6292
0
6369
15993
0
0
5045
16000
3906
18697
5930
8132
0
0
31618
5406
1537
17435
6839
2410
17197
13272
18663
7384
14912
9163
3040
19260
0
13000
8924
0
1614
10263
19989
11335
1439
8974
6011
6012
10470
13294
9813
0
2969
2230
2038
0
0
8898
3306
13369
15358
0
4728
1808
2458
15257
4953
1482
8941
7289
1600
4455
12818
4552
2240
0
5745
7312
20372
1863
1968
19466
13187
2444
5700
4292
16053
0
0
16648
9128
20987
13683
5668
1105
13532
11558
19349
13259
13767
6958
21937
0
19139
5418
18650
3983
1249
12982
22210
1569
26583
0
2479
17966
7809
11039
1217
2293
3877
8289
16979
25927
1386
4827
0
4495
7507
0
6056
10803
1844
8185
12290
0
7541
0
8954
9413
15529
0
7901
4773
2232
2272
2235
2253
2800
0
5306
0
14545
15659
3809
11403
6462
2077
0
1209
1237
5887
23880
8138
6912
12332
14247
0
5820
2644
4066
2330
4350
7753
3244
3263
3268
5247
7114
6929
11306
1346
8119
10044
3073
8684
9263
0
20339
4384
4008
0
0
4380
10154
2704
0
0
8310
4522
7333
21843
0
10389
8009
0
8185
1667
4575
2097
18779
7987
12489
3221
3282
19430
6358
4603
18575
2308
2303
1747
8043
1458
12483
0
10924
4350
4510
0
5833
6021
5387
4219
9667
0
9170
5207
0
10345
2194
8949
2540
19312
7700
0
18071
8323
6491
33397
0
3555
5760
6324
11181
16155
2748
0
7649
5860
8295
21286
4721
6743
19334
9899
17450
19147
14925
16023
8581
10711
14462
3458
3755
8961
0
2682
4448
9426
1026
0
13395
5628
4407
6909
21334
0
4749
2372
1799
0
0
8117
0
2556
22571
1427
1414
1436
18348
0
17123
9469
13922
10253
7183
10713
0
1730
21567
4768
18633
6743
9443
2562
6300
0
6881
0
22198
20465
13437
11652
8106
10451
26050
11951
0
7502
16958
3120
4675
4670
2495
2443
0
21415
2811
9810
2949
10565
16268
21249
7748
0
1374
8868
2274
4397
3998
4370
0
5595
7366
8423
0
7028
12579
3193
0
3421
13466
0
0
17835
15236
15671
12485
11068
8595
9259
3234
9909
5313
7189
0
17304
0
1792
23443
15076
0
3217
20551
18035
1052
0
9697
16800
30459
2440
5634
8033
0
1039
10689
12944
18353
6934
5943
10444
0
1326
2034
1977
10640
3424
8306
10217
8281
2715
2305
1304
19313
12766
21160
4025
0
0
3472
10679
2970
6373
5546
17716
0
16010
0
20807
16443
0
0
15065
2431
13696
17660
16056
13203
2409
8235
16005
7256
9970
1016
1371
7146
24043
16444
0
3948
14308
14063
0
0
0
12038
4224
0
1348
1406
1379
7226
2790
10187
15641
3921
11494
4360
7708
1316
6742
9791
9915
7961
15680
9988
14637
17050
1839
10859
7107
16334
2043
0
15983
16296
20098
4568
8718
16304
17553
5566
0
1430
9621
18054
8731
7933
3186
6098
29922
0
3028
8836
4763
4793
2035
12883
17297
0
6283
0
4519
5648
20211
6008
4948
2174
2135
13700
0
6297
6053
15640
0
17809
8790
1697
18181
7592
0
10058
14664
16595
6117
10652
3216
25895
0
0
3693
13238
5006
4689
22704
6211
21645
10124
2773
14819
17491
14344
0
1768
14394
5876
1551
3776
0
1882
1849
9564
15563
8058
15650
12602
4754
16819
8758
11782
3013
13491
16447
8517
14445
2379
3470
31726
9687
16272
16764
0
15371
5806
15238
7493
5120
0
2041
0
2671
7218
1172
2639
11679
7821
17196
0
4781
6612
0
0
6869
10654
7694
9521
3591
7592
9883
2045
1240
17429
12308
7952
12906
13639
10277
0
1679
6526
0
6758
0
1904
16072
0
0
4906
9128
0
3069
3865
3753
0
3397
3273
5744
1242
2493
5611
5646
5693
5598
2980
0
5056
17456
10960
11933
7621
0
7731
10631
1366
26829
2916
7756
7573
6417
1849
9255
13423
9482
22148
4893
5044
0
14237
7780
0
1740
16879
4568
11810
6198
25111
19819
1911
1824
24774
4408
11761
22680
11720
2859
2917
2891
2904
0
16725
15834
7043
10702
11953
2750
20237
3739
4461
2188
0
27634
13772
1868
1529
1626
7536
0
23269
12812
15741
0
12747
21538
8936
14427
12302
19659
0
17098
7108
7083
3861
0
0
3259
13074
8116
5107
0
2851
12984
11225
0
5639
3198
12949
8836
2964
8962
2098
8024
1769
9824
13830
17851
13481
0
0
15032
13343
6475
0
14954
20736
16119
6297
11243
0
16840
5592
0
0
3781
10622
11757
6671
25376
7739
0
19839
5626
5087
0
7703
7373
0
6413
10342
11237
5325
2085
1289
11557
6632
10768
9183
15458
0
0
2024
0
24676
18608
8461
9442
7612
1373
11815
13136
3556
6391
15319
15008
2885
1515
1956
11945
10101
3160
9878
6434
0
0
13774
3270
17530
9987
6855
18400
8601
18026
3645
9894
7278
2356
2348
1762
21077
1137
16895
14720
6654
3225
1311
8385
16920
10742
10040
1030
0
18370
4465
0
2283
0
7620
12961
16417
3675
5281
2821
9394
6572
15049
8076
0
19463
1797
1871
1842
17171
15715
18300
13099
7680
8098
6124
0
11614
15422
9140
15603
8215
0
17354
15283
0
1184
1243
3602
0
3932
8500
7377
0
0
11453
7925
10016
16177
19339
15845
8131
0
11996
19102
3668
15064
2345
16403
10433
1220
8434
10661
11947
1859
6705
20068
0
14588
8658
14034
0
0
7716
0
7122
21855
2326
0
7823
2957
5873
7785
6059
6582
11268
1894
1881
7466
8275
0
2752
1242
3375
0
0
14481
0
3007
6677
0
14956
4281
29312
16129
4423
8393
18622
9849
0
4182
17077
1986
14285
10449
3962
7396
3473
3853
0
3394
15125
0
9927
24932
12318
0
4497
5733
8120
10233
13648
1610
0
8977
0
9627
16649
0
1603
18240
3200
2367
14091
3196
0
20066
16802
1041
2594
2594
2611
6377
0
2685
2762
5908
1570
1741
23892
3843
0
0
0
4609
2618
14293
7857
3766
0
3094
4618
16272
0
12446
3121
0
1986
18436
0
2467
2473
1554
16092
13332
17915
6542
17750
0
3573
14280
2323
10009
0
11091
0
0
2725
13112
5414
3020
3859
0
3152
1494
1573
1554
1491
16820
15768
5834
6107
15471
3755
4070
0
3611
3355
10067
11086
15337
13919
16535
3080
3018
0
8824
10099
18024
11002
12214
27530
7884
3422
18087
1401
15564
2887
5641
0
8513
7038
3148
2647
0
3111
16600
4685
0
4706
6566
5886
0
2847
21244
2906
11040
2015
6311
7315
4916
3630
3647
0
3585
3482
6488
1374
7216
0
17167
1357
7915
0
1972
10226
4087
0
6584
5507
3406
22496
2087
6109
9918
7419
4960
23138
6236
0
0
15326
0
1774
10260
0
15477
9687
5658
14661
1198
12648
29297
13658
0
19884
6780
8696
0
3926
9243
12337
5898
5563
1638
2109
21634
12932
3273
3453
0
3350
2544
10990
7607
0
15058
14188
5465
9232
1308
6616
0
4853
0
14217
2234
5979
2160
0
11490
0
0
5651
18403
11168
2059
3895
1349
9451
7035
0
22872
1972
1947
2003
1306
28107
12906
20303
19450
8852
4488
0
12584
4625
20039
10570
8203
14991
16586
12358
10539
1169
3611
11063
2534
0
3213
1219
1208
1058
1080
1127
0
1607
6149
5391
0
20971
5070
12467
16606
5357
0
3064
5430
2898
9934
3606
12300
7142
5280
18309
11842
16579
0
3900
21665
16104
0
6252
3189
1347
0
7917
17350
2375
4880
8798
1901
1896
1885
2184
11443
16149
7242
6841
2937
16904
5929
25247
8107
5261
6255
14007
21832
5060
0
12873
1818
20151
16513
1307
7399
0
0
16181
9001
0
0
8300
19122
3178
7254
1360
7795
11037
1679
13107
5262
8076
2539
1071
9202
0
0
18527
4548
0
3005
1735
1422
13288
13590
18948
0
14440
18042
11394
6280
2343
14909
4900
12102
6076
8607
5770
9541
3421
8013
0
20023
10240
1191
9025
10851
2269
2661
0
9476
11357
14399
20140
3032
0
5347
1160
3788
1335
5862
1240
1235
4969
8515
2546
12118
0
1313
1619
1655
0
2928
10885
2405
4419
10477
8894
15365
11826
23222
5068
0
0
9376
6917
23388
5600
4723
6105
6307
11459
0
9308
0
8360
9753
0
1664
13282
5045
13627
0
2864
13307
11082
5604
7449
0
0
14712
2945
2952
2745
7868
15268
3921
8247
2619
2638
7302
3958
2552
