1436
26497
2053
2507
2330
1994
1973
6247
20691
19169
14415
2587
24232
4780
2174
2599
7926
7373
13022
15796
7666
1181
18407
4514
1277
1655
1793
1770
5245
2317
3403
16020
2791
5497
14487
12869
3801
3167
17062
2760
7589
2049
16323
2907
8533
7142
3102
9729
15108
4691
2469
1870
2060
3688
11205
7877
7047
12829
20746
20871
8179
5820
13744
6230
8537
1575
7681
1630
16938
1609
8598
10932
4682
25517
1707
3823
11032
7595
28773
10318
1629
3749
2658
20175
7354
3057
3068
19044
8098
1220
4698
2714
6712
2324
2337
5097
5086
10073
10040
2751
8956
6552
4793
11371
4957
2370
3704
7429
3815
4857
4809
12638
7126
3691
9702
8803
4788
10730
20874
9024
6058
6624
2049
3978
4685
16521
1977
3965
1521
2090
7869
3347
5932
1745
24128
6008
21049
26336
15090
3596
3596
2620
2562
2444
6153
20177
22496
10821
4580
7748
18202
2919
14553
6664
4621
16899
14590
6777
7748
1880
1903
18677
23083
8294
6968
7452
1010
2003
4761
4767
2567
2931
11027
13052
12146
4514
6257
12007
3683
19690
7815
5805
7065
14632
5501
1420
1086
5870
14782
7182
2094
8765
1461
1446
4696
4704
1825
11080
6346
1074
4636
16839
3190
3154
5694
4865
4003
14062
3016
7283
2150
1651
3321
4140
13691
5310
10551
2524
2101
2378
2147
13009
11542
11714
9470
8329
1591
24901
7001
5036
2034
1805
10371
3542
11345
6439
24565
10259
1164
9925
3897
10576
2024
2082
3881
18593
1994
3607
11551
18003
10721
6138
16940
5842
5085
1438
11905
16636
2019
15360
4696
2765
17605
3514
1141
1210
1072
1181
1190
1198
1209
1213
1207
1183
7871
11279
10813
1785
3594
20102
5617
14987
6154
13654
13724
5510
16276
3720
4808
6415
4430
4127
1458
2098
2613
12120
3277
4081
18101
15137
1747
1577
1588
3441
15750
6889
10288
5250
1567
16353
11558
5403
13307
5650
1994
14618
2641
2681
3401
1453
3741
21059
20180
1733
1752
1752
2532
4736
16199
8118
3465
6242
2536
2032
1284
19430
2146
2248
11413
12909
8661
8511
4490
7202
2358
8767
6913
13164
1261
12904
7163
21802
4148
22095
11449
12554
4364
4553
13946
6699
24006
10241
20551
6189
8736
2864
1914
6108
16733
10444
2527
13938
4397
8820
4143
15829
4678
5604
7969
3820
7523
7738
1231
1226
1223
1214
1210
13607
2541
2497
5953
11902
1663
1758
27592
19454
2727
1494
13652
19244
1705
11055
3061
8462
3386
10968
5241
15306
3142
1545
15580
1390
7004
5381
5068
2075
17420
9332
3959
7950
10569
11445
16850
5065
3109
19883
5251
9864
9067
13060
7336
7391
8302
14293
3201
8082
5141
3624
8288
3480
5902
6289
12243
4909
9221
19054
12212
19226
6667
4600
13858
2051
1857
3657
4451
12547
14825
3362
3357
3326
8087
19860
10980
14015
3645
14553
8115
15013
8496
1445
1359
1424
8773
25633
2952
12328
11173
4618
7641
27230
1849
6248
1093
10894
1582
1429
19397
15097
15492
11586
4138
4643
22395
1276
6114
4211
3369
2922
4176
9558
5992
4074
1777
5465
1783
9041
18789
2528
13086
17487
13400
5403
1006
10170
17779
8280
6672
10258
13719
7157
4681
6639
2245
3770
19920
21003
19565
3459
2246
2191
1203
1213
15061
8315
2260
18003
14486
7646
5817
1550
1581
25936
13934
2544
2518
2558
4069
1608
16292
2642
1786
9376
18604
3187
3204
14864
4535
8237
7452
5761
2251
1312
14812
3484
5468
18309
12699
7582
19504
5365
3951
4433
16869
5804
15801
7130
3696
1988
7272
1079
8308
4440
3519
8895
11012
2532
9555
1612
1614
4523
1238
5464
17865
20336
8674
7124
6448
4061
6693
1166
8744
6897
9973
14166
19572
2327
8959
9531
13855
2948
7244
5572
16928
5985
1911
1959
3783
1238
15473
6295
4978
3003
8369
2685
2690
2651
13680
2395
2344
3465
3964
8522
16349
1813
13934
20128
15248
7229
5718
4844
5127
4654
16647
18750
3207
18842
10507
4008
1571
1576
13108
5951
6218
7268
1033
1726
19554
9489
1639
14766
1528
9219
7716
6347
5121
2036
20170
7217
16604
15485
6362
7029
14787
17199
2251
9633
3316
2376
15799
1574
19864
6180
8555
3823
7435
16584
5520
13213
14059
15799
6271
1454
4309
4484
7457
18439
2504
1248
16198
3924
21738
9978
9098
4001
15244
1798
1811
9902
2542
5672
3210
7632
2781
6056
5194
20315
17220
15825
14433
10955
1335
1504
14813
7182
2597
9314
2338
11817
2008
3133
4258
16424
15420
5588
10964
5410
15684
2030
15147
10623
2078
6573
20603
6768
3228
23479
9019
12281
15812
9224
9013
22980
3366
6944
8739
4187
19531
11488
11344
3681
3668
2350
1300
3715
10502
2523
9300
10335
18232
7534
13431
2003
3556
19119
7553
14868
8121
5262
7835
7428
2732
7281
1316
1319
1287
1104
14825
14045
17064
2707
15531
4156
21617
9178
8712
1086
6620
7077
10638
7489
7055
1854
7606
7125
2274
1881
4690
6159
3149
20918
17638
8858
2277
17434
9476
18952
1631
15904
4272
2050
2849
4942
4279
2604
15764
20076
8566
2793
11171
5946
3734
3718
7243
1473
1720
1773
1746
2753
8098
12814
22506
11100
10308
13670
8459
5369
3907
7307
3058
2490
4575
9429
10656
30898
13061
2429
6808
9341
4439
28664
15398
3290
17484
8624
1257
1396
1414
13602
3549
16861
7843
7780
6053
14102
12729
22974
2772
17455
11136
12431
3373
7207
13062
10365
9897
24186
8384
4899
3931
3120
1833
1832
1835
3376
4414
3107
17276
16604
5070
2073
11863
2516
5429
13271
10445
7110
8931
5681
10985
19433
8870
19213
6704
21654
1499
4531
13188
10752
1784
5641
1329
20146
23070
1964
22707
9503
9522
5216
13365
9136
11234
20130
4536
8509
12087
6900
9423
4387
2752
14022
23378
3059
3082
11840
11295
18289
17870
6188
3627
2885
1301
4455
2294
20263
18272
2580
11849
18641
4316
13475
5200
1881
5987
5862
10963
10379
4852
3325
18972
1032
14053
11496
2434
3658
4537
27048
19965
16908
2818
14196
10524
16142
5325
2815
2156
6495
2501
9298
4961
14878
16629
2812
15752
8965
3962
3974
8310
9140
1369
1299
7890
6833
12293
11196
12185
13289
4370
6321
1812
7655
8232
16346
13420
5088
2029
1817
15488
1254
5774
9961
5666
4182
2392
2433
2428
2432
2427
3298
2900
21529
4430
6446
2042
8354
3199
3086
9310
11663
4419
2502
10472
14267
9439
22267
3514
2446
5484
9281
4653
15054
2266
12430
21037
8336
5054
2853
4988
8849
4712
4697
15046
2683
11361
14567
7640
3513
10252
5367
6084
4767
5066
15693
1830
1822
1799
10224
5225
5989
1912
5948
19108
19161
21228
14972
16848
7267
14521
1797
15549
16942
1601
13272
11289
3295
3673
3690
3634
13014
4029
10911
2340
14506
1978
18137
12030
2171
13016
6130
7376
4470
11209
2639
12923
19001
12701
5878
5128
6733
17582
6673
17512
2374
9125
10979
1624
5343
16336
14481
1646
1933
2120
12659
6755
8183
5936
14412
4275
1062
14582
5573
5065
5566
3050
3756
5158
15975
4723
10010
1839
7613
19245
8401
2237
2524
2593
7146
14177
7068
1590
3296
9511
10868
10822
1075
7430
7427
3185
9478
10425
7771
8035
13581
4396
9493
14257
9675
2854
7200
1454
5496
1955
3137
6558
5716
1828
23812
15225
9740
7172
15998
10471
6780
12111
3876
6394
18335
10330
19078
21252
14907
3762
4079
12483
10787
11579
1523
15798
19049
2351
2389
2100
15228
2897
6490
6899
15559
8046
22184
13828
9849
2182
2248
2216
4418
11609
6455
16176
6035
9519
13050
7972
11104
2015
1990
2029
7767
1184
1235
1223
9360
2303
1043
1339
15061
19303
3857
13610
19484
19214
19173
1242
3481
2651
2020
3836
1266
15728
2187
9035
8467
26185
3293
17208
10917
17652
2411
10341
16162
4801
8195
6493
4381
14656
4351
11101
21749
19906
7636
3688
2336
2291
5242
9798
6405
11983
1418
20091
6437
4434
3156
1988
16782
1337
2492
22156
1465
1476
1456
1460
1483
10456
2346
24737
7207
16314
12801
13479
22154
3366
3477
2424
2954
3681
4183
10130
18941
1872
14957
9644
6607
3913
6893
10680
7693
18672
13224
9775
13884
29551
4394
14284
8883
8666
3353
6417
3967
20824
17381
4891
1832
12057
5661
12362
15380
3712
7657
7602
4911
5349
2741
4947
9495
3668
7535
18413
15594
11922
2506
2382
5341
1687
1712
1709
1681
27005
9571
16515
8295
4366
23148
2640
3291
15377
15635
2387
2439
1057
1087
4089
13213
11550
2623
2520
2507
2199
2299
3533
15115
3928
7987
15257
1496
3343
6236
1580
1005
12646
21359
21800
10428
2435
2398
2414
1436
21108
7554
7014
8821
4208
8489
4710
16615
12640
17143
8088
4367
3652
2408
9575
12803
16751
1056
2133
6105
15648
11182
10342
1964
3453
7876
5914
3735
5051
9693
9464
1419
2840
20833
5136
19533
14486
17623
10766
10504
12288
14091
2601
16109
1706
1374
15016
1283
6628
3246
10502
1399
16236
15640
8938
2550
20904
1946
4394
20971
1997
1334
3931
5970
11254
5729
17297
2590
7288
2060
12311
11431
3655
2297
17285
7810
1264
1739
17856
18672
15317
8340
5981
2941
13710
11014
6718
7374
4022
2248
1353
1365
1359
1362
1319
1310
30689
13436
12466
8850
1246
13307
15879
6553
8074
20057
4767
3356
7859
7844
4199
4665
14501
14776
5032
2253
1518
1154
6957
20393
9082
17137
17003
12270
7985
2517
20786
20545
16124
2250
14652
1061
9293
17328
6058
5154
2957
18917
10030
1786
4105
5952
8749
13302
10592
12928
16718
18455
8321
3137
3210
6167
5988
4862
6900
8937
3239
4532
2789
4884
6347
2019
1808
1773
14685
10314
2813
5900
1711
15127
10120
10659
4332
3645
12211
11026
3023
1127
8384
2366
1724
1724
1737
1700
7571
17485
5789
3810
5810
16022
9577
2067
3906
7134
6878
20904
7842
6444
1058
1069
1035
1145
1217
1201
12432
3367
6591
6766
9081
18373
9621
6698
18672
7522
3702
12808
2594
1509
16268
12249
14288
15728
6185
4126
3336
19545
9085
13885
2947
2965
6452
9328
2125
9999
11195
5422
19342
7246
17511
2069
8759
8553
3770
13439
3103
7178
9802
7675
13039
1998
1971
1982
13733
3619
9922
7894
3389
2266
10151
8144
1954
1408
3365
3899
3877
1823
5588
17879
4481
13969
4434
4763
11810
11607
19074
7678
9919
11718
1581
9892
18071
1770
14959
16248
15776
2059
2662
2110
2106
5418
2399
6197
7212
2460
7097
6311
13121
2965
8827
8075
3445
6210
7052
7092
1334
27198
2796
7154
3239
19470
14590
13967
6845
14774
4675
13995
18682
1756
5226
10309
2473
5629
1305
8418
13488
15259
5791
20566
2616
6151
1442
8604
3026
13254
9724
17734
7614
13999
18646
8458
17339
15006
8360
11522
10425
1822
8859
2932
6674
2689
2684
9494
2455
2135
2117
2162
9514
22595
2604
4104
28572
22341
2236
2940
11326
5118
18478
2276
2249
2271
16386
3692
9952
7687
17602
18116
9593
6346
6275
2704
14024
6700
1255
7475
6759
11355
3716
16574
2657
2678
2627
14585
7031
7597
8317
11626
9909
20205
18503
14062
1477
15958
4029
4033
3379
21040
7171
18984
5165
6835
1183
2910
8193
6668
18838
9266
10866
6506
4477
10121
1170
1375
10669
17870
17101
2569
1341
4603
19102
6713
12913
12337
9209
5322
5705
16309
11687
17595
1957
9062
18048
15845
7172
1205
1232
1116
1227
1176
10769
7032
1084
1123
1123
16922
3012
6241
10422
4927
11914
13166
6815
1638
1636
11014
19341
7622
4989
10169
18111
16795
3416
15908
2927
7729
1783
1526
7408
11725
10963
22526
5539
8899
2003
10524
14952
11077
7092
1846
1847
1802
15056
7769
4609
12403
2566
12969
18462
4512
4291
6519
13661
7995
4504
6479
15296
4600
6811
7338
4193
4099
19931
2989
2968
14736
8501
1726
7454
15215
11492
1594
1270
1281
1348
10138
8522
10382
7529
25877
9460
15365
1677
3408
6490
4274
1180
12919
10177
6797
11697
20740
11082
9721
9880
13496
1321
5444
4988
2178
10472
2994
10115
6259
9308
13872
3899
4674
1304
1418
3365
14226
20983
16255
4940
1100
9865
9944
11831
11725
1507
10296
19603
3476
21111
3447
6025
14158
3767
11528
1172
2081
19316
2831
2759
2801
2805
8788
13371
13210
4318
11097
4037
8889
20133
3443
7537
21951
10735
22076
11359
17750
11982
11876
6981
5600
17529
5758
15021
8655
10348
12972
4774
3736
12328
1015
5248
7539
2426
7479
2095
2781
10584
17130
4978
2177
23205
14989
6173
15296
2867
3976
10569
3033
12271
14405
5658
8323
2174
5847
13962
1760
11283
1399
5433
5679
2852
11739
13451
7393
14244
18458
13647
13307
4077
18476
9458
3155
8930
4743
2410
2123
8217
8783
11139
14940
2629
7739
3248
11243
3682
4720
6615
13781
3672
6725
2551
4698
1553
12621
5267
17925
2483
7448
12070
11469
13608
12614
8237
12878
4022
5897
11048
13295
7410
13127
10054
12601
9946
16317
5419
17982
1506
9377
17195
11122
6350
3388
13418
15853
12394
2179
2237
2271
2265
3334
17275
11258
2247
3237
4926
1242
8086
3280
3990
15391
1267
3728
7586
1509
8661
6514
8330
11427
6165
15668
6551
6251
3130
6856
7453
2760
2653
17808
17811
5402
1950
10313
11488
7163
4998
3435
4067
13132
8649
7180
9424
2719
4940
4093
2143
11282
15452
16855
10313
13724
3005
5464
4779
5322
1246
20230
15401
1350
4650
10646
4034
9667
19615
7728
7295
8433
13383
1441
8534
8975
15558
1393
11146
6340
8287
4850
7909
10171
3838
3359
8683
14176
4801
11204
21867
3567
5234
5416
9625
3264
19729
4983
7741
7455
13396
12719
15443
11249
7542
2510
2240
13150
22260
2182
3628
22893
11112
8669
1841
6055
7340
1072
22757
11678
10032
2267
4000
12299
5003
1601
17846
18990
1332
1419
9996
5370
12143
8507
6995
6297
11704
3484
2418
2349
2393
2414
2350
1763
1062
8064
1161
10596
13459
3270
2247
2904
13977
17064
15716
3578
1305
1301
1313
1329
1306
1314
17496
10638
2314
20496
10186
14931
17293
11247
9430
8913
10971
11206
18028
8837
21270
9963
2071
23358
16268
6423
6441
2264
2291
22275
8074
12076
6874
1304
1298
1343
18033
7340
3482
6588
22789
4024
20946
15276
1894
2205
6833
1864
11283
24505
26648
14525
13655
9608
6674
13155
14722
9414
12492
10223
2292
2786
6043
8983
12006
3829
22403
2960
5300
1306
4855
15544
1065
4186
8758
13166
3744
4476
1131
10928
6607
13819
2375
5297
16650
10384
4449
1702
3638
5437
2623
2644
2567
2628
14931
5688
5019
7371
5325
10731
9248
15287
1085
26107
2782
2811
2797
1989
15854
7348
2966
2724
9074
10569
6761
1885
4361
16764
8114
15837
17222
5170
11214
3748
6741
3498
3294
9063
12338
1012
7407
23937
6268
16348
2516
5444
12461
4388
3286
3023
3766
3628
1747
14584
6988
13358
11517
12883
8827
8471
4751
9473
5221
14039
1793
1834
23160
5437
1972
2494
3218
15863
19860
20397
1933
22059
18926
3483
1291
5342
18065
11845
8062
11593
14816
6369
16372
7045
3075
4298
17568
5488
1673
7767
8512
6718
10794
10901
18829
5197
3356
2520
2403
2400
2199
13642
6839
17860
4048
1100
9139
3638
17890
3437
12472
7466
18887
17306
8779
4544
2167
11211
5892
7006
2329
1446
2602
4370
1507
8932
23634
2179
5871
1569
4469
3700
15531
1297
28012
17694
13605
1563
1273
21988
22219
18609
4725
4394
1419
14401
9475
19022
4604
15468
2461
10846
12557
12538
8190
13447
7419
2209
3080
2516
2597
5533
4692
19324
14322
2115
2043
4807
6081
19249
10281
7564
2542
10359
19552
2729
9876
17641
18360
7929
2932
3444
2125
2156
2767
1590
1992
2076
17115
8357
14259
3827
3491
2193
9959
14459
8326
4101
1760
9047
19946
3645
3677
2391
15207
13630
3679
2711
6802
18123
6655
7634
17347
20518
10520
19356
19267
1503
1497
1503
23066
2715
12700
2651
8367
7856
5675
10651
7856
10931
6510
13612
23859
8501
10496
7629
3888
1111
1051
1090
2438
2308
2339
2353
4598
1743
1387
12456
15099
3379
3365
3418
3373
10179
1191
2038
2014
4926
14792
2123
2117
2133
2453
2471
13668
13698
18034
7858
1200
3576
10038
1926
3212
2123
2111
10611
10334
7353
2121
2533
13540
16481
7725
6700
7483
5706
3329
8438
13086
17714
2448
13341
9690
1436
1460
4994
4988
3264
2530
2580
7898
5278
4126
8695
3287
4491
1799
9623
2336
11627
9526
3964
5897
6965
7692
8685
4910
1192
10096
3957
3961
4042
3951
2651
5904
3942
1796
4021
13247
12077
8300
4196
2920
12463
10081
8213
12036
13597
8696
1401
1541
12444
8347
2516
23816
4994
6856
1323
1405
3430
2564
22854
9979
5606
10648
1604
2301
2311
2304
2331
2748
1191
19160
18135
17329
18372
8059
2303
2329
3149
10516
5859
3597
9782
12750
2381
5752
5072
12639
17787
8671
3679
11798
19115
17680
2593
2976
7078
24892
3997
11970
8430
9754
4284
19771
3454
5201
11688
14701
2076
2036
2091
2087
5169
3930
15535
3487
23160
2602
1773
1763
3291
9647
1524
16439
10745
14467
7534
2424
6525
7421
7818
19130
2221
4248
7685
18647
14708
15292
13282
21752
2423
17659
12434
20507
2197
2198
8330
10243
4509
6015
1396
2061
4110
7369
2960
1363
6015
14098
2670
18573
13952
18543
23571
2524
3190
14860
19262
3617
6538
6275
6864
2061
15515
4565
14824
3217
10357
21285
4452
13331
4009
2329
10838
6592
4990
13863
14547
2808
10969
5895
1890
6717
2796
6941
2637
9343
12146
8657
5281
6825
3877
7780
5123
1339
7281
16617
1664
1941
2673
6330
2854
6734
5727
15227
1532
1528
6016
1056
6573
16404
3177
6060
17230
1449
5564
2284
2421
2473
2444
7042
27007
5352
11803
1198
1177
1191
1187
1200
1169
1192
11116
2254
2662
16202
2526
10647
6407
17896
2209
2228
2205
2230
3340
3217
17501
16879
20560
16732
18170
8269
5930
10132
1502
7977
6659
18300
15229
25435
20012
1967
2639
4163
19815
13283
1222
1201
1187
2862
5399
9360
8801
3814
9594
1966
10378
4856
2903
2279
2291
2298
13765
8410
4281
9987
1645
13745
7874
2055
13657
5872
17065
9578
4693
7550
10040
23841
20784
18770
8128
8837
11821
12864
1684
1477
8906
17638
3548
3718
3839
5196
6705
23523
1789
2176
4907
4393
6580
3099
15876
6402
21538
2168
10250
30455
1190
13221
7845
4357
10263
25716
15703
6242
4620
2819
9656
8244
9897
15012
12332
2159
17064
17364
8156
6962
1318
9216
26534
3896
10701
23464
2931
6047
3548
10020
16589
1676
19837
11038
18965
2681
2675
3577
13809
5693
3229
3433
6936
22012
3085
5770
8986
10898
5522
8371
14847
11040
8634
14900
9722
2491
1885
9086
9435
5625
2289
2780
17668
10609
1079
6770
1919
1851
1862
17120
10684
13296
7612
4256
12668
11373
4372
4820
17118
7343
8978
16469
2366
16162
3206
13433
2564
2418
11855
10273
7247
7334
22441
24518
10698
9920
17519
6524
22567
3229
11987
6373
9111
8628
5172
19266
11440
8579
9056
1781
10585
18461
21350
10189
11500
12934
10221
19402
10537
21412
2581
8310
2342
2779
8091
11679
13887
5678
15098
3999
1566
17824
4264
11644
1632
5543
1767
7552
24262
4192
8148
15902
17297
6761
25718
2410
11301
20809
3095
1404
3546
1901
18640
11745
11840
17071
16945
4731
4145
7159
2625
6767
10842
2878
6357
4116
1158
1129
1123
3442
3994
1165
1212
2961
1409
21852
10263
2076
2125
10975
5726
1349
1737
1139
1034
7682
6319
14093
2249
16500
1541
7183
2889
7359
7266
25381
1544
1150
16914
22625
2088
2139
4510
20671
15009
1487
4838
1668
1678
20606
2296
9409
2292
11712
1514
5582
11401
33137
12083
11021
27150
5435
5490
7773
2979
15786
14352
11676
1534
16565
8203
11463
8520
2775
4597
3334
1722
1707
16789
9446
13189
3578
3374
16179
15107
3417
22165
15785
6219
2428
3617
5863
1713
9175
3587
2547
2557
7320
17526
2031
2454
6639
4293
7351
1360
1473
18051
26077
1749
3370
6958
6329
5156
3117
3072
6047
4109
8980
9771
1599
9243
2170
18927
8585
8913
19516
3386
15551
6874
14915
1916
9908
18464
3990
3168
20271
29598
9859
5978
1931
13758
13644
17663
1746
1079
9995
11563
7188
11892
5456
6271
13194
14703
2824
5463
2053
1887
2026
3254
9337
1218
17947
10186
6253
4551
5500
17858
7736
4938
3173
13840
1216
1180
1159
1202
1191
1216
1156
24095
17285
2490
6201
1227
1568
1437
3395
3332
18160
20204
20754
1017
1078
8755
1222
5098
6490
19932
3806
15745
8462
8676
9558
16411
10196
19172
20573
16011
17429
20147
11100
15914
3450
1394
4958
9176
3562
3967
13321
15746
2048
21082
5752
1957
1998
14203
3366
16985
2535
10334
12665
11254
7371
4489
26587
3978
20302
9456
2448
2423
2325
6885
8383
2576
4059
9519
12754
12453
3775
20582
2292
12238
17431
6112
19921
4921
4867
9679
11609
4865
4839
4880
4819
14630
12407
1656
3897
18209
1224
5409
3430
17821
10346
2016
6143
3879
19380
9154
1827
6556
17164
11251
7720
32311
1090
1057
11318
1592
11406
3501
3519
4118
2196
4439
5690
7923
1956
3294
1139
14865
1022
3932
11847
6245
16056
5341
14326
9940
18382
3507
6386
1388
1401
16146
10395
2601
1070
7568
1367
1335
1289
4166
1824
3220
2619
4608
5019
6762
19243
9161
2529
3967
2151
2897
17931
6443
8232
9483
13668
18777
6408
10957
2443
11913
1020
1083
16773
9073
2952
12920
4866
3882
1711
1690
4090
3205
8293
1075
23025
4395
4197
22631
1855
1629
9557
13231
2819
2333
2455
3750
1607
1566
4933
6010
4642
11018
3199
1070
7039
10017
1378
1445
18683
19220
19535
4049
20367
2366
7443
19709
1433
29149
1811
3644
14074
2588
9983
5439
1398
1623
1601
2546
22432
7132
8294
2325
1677
3082
4317
2497
6793
8904
5245
6207
20268
1074
15083
8592
14324
1413
1194
4004
1335
20019
4310
5169
3200
4539
10248
14269
19131
12563
8164
20459
4082
11451
13760
5344
18983
15294
5675
19696
13039
7372
17249
18323
2660
2854
5193
1709
1071
1239
1174
9599
1835
9321
4493
19298
5638
4101
16500
5551
5727
4906
4907
23893
8219
15185
18121
4372
14530
9883
17280
1264
6607
9545
3799
2181
2480
1604
11098
5369
2981
2040
15452
3692
1853
2148
1221
2262
2131
2093
1806
6292
6369
3906
18697
5406
1537
17435
2410
17197
14912
9163
1439
8974
9813
2969
2230
15358
1808
4953
1482
7289
2240
1968
19466
13187
2444
5700
16053
16648
9128
5668
13767
19139
5418
18650
1249
22210
1569
2479
7809
11039
2293
25927
1386
4827
7507
10803
7541
4773
2232
2272
2235
2253
14545
15659
1209
1237
6912
14247
5820
2644
4066
7753
3244
3263
3268
7114
11306
1346
20339
4380
10154
2704
8310
12489
3221
3282
4603
2308
2303
1747
8043
1458
4510
6021
4219
5207
10345
2540
6491
33397
5760
6324
7649
19334
17450
14925
10711
14462
3755
2682
4448
6909
1799
1414
1436
17123
9469
13922
1730
21567
6743
13437
11652
10451
26050
4675
4670
2443
9810
1374
3998
4370
7366
17835
15236
15671
5313
18035
30459
5634
2034
1977
3424
8306
19313
12766
4025
3472
17716
2431
8235
1016
1371
7146
16444
4224
1348
1406
1379
10187
6742
9915
9988
16334
15983
1430
7933
3186
3028
4763
4793
2035
12883
4519
20211
4948
2174
2135
17809
8790
1697
18181
10652
3693
5006
22704
6211
21645
2773
17491
14394
1551
3776
1849
9564
8058
15650
4754
16819
11782
3013
8517
14445
9687
2041
2671
11679
4781
6612
6869
7694
7592
2045
17429
12308
7952
13639
6758
1904
4906
3865
3397
1242
2493
5611
5598
5056
10960
10631
1366
2916
6417
13423
4893
5044
7780
11810
19819
1911
22680
2917
2891
3739
4461
2188
27634
13772
1868
1529
1626
12747
21538
8936
19659
8116
11225
5639
9824
17851
13343
6475
20736
16119
16840
6671
7703
7373
6413
10342
11237
2085
6632
9183
8461
9442
6391
2885
1515
1956
3160
6434
9987
2348
1762
1137
16895
1311
16920
10040
2283
2821
9394
1871
15715
13099
7680
11614
1184
15845
19102
15064
1220
14034
7823
7785
6059
6582
1894
1881
6677
29312
4423
18622
7396
3853
15125
24932
2367
16802
1041
2594
2594
2611
1741
14293
12446
3121
2467
1554
16092
13332
17915
17750
2323
5414
1573
1554
3755
10067
3080
3018
8824
11002
18087
7038
16600
5886
2906
2015
6311
4916
3482
7216
1972
4087
2087
6109
1774
9687
5658
1198
13658
19884
12337
2109
12932
3453
3350
14188
4853
2234
5979
18403
11168
1972
20303
8852
4488
12584
4625
10570
8203
12358
10539
3611
1219
1080
1607
3064
3606
12300
16579
3900
3189
7917
17350
1896
1885
2184
11443
6841
16904
5929
8107
6255
1818
20151
16513
1307
16181
19122
7254
1679
13107
5262
1071
9202
18527
1422
13288
13590
18948
18042
6280
2343
14909
4900
12102
5770
10851
3032
5862
8515
12118
1313
10885
2405
4419
15365
11826
23222
23388
4723
9308
13627
2952
2745
3921
2638
7302
3958
2552
