1878
1462
2248
2495
1041
2771
1212
1444
1419
1046
1984
2023
1684
1065
2145
1171
1928
1051
1659
1993
2049
1098
1811
1277
1981
1201
1150
1457
1024
1832
1937
1898
1381
1046
3476
1079
1502
1998
1543
1091
1468
1010
4353
1167
3265
1074
5115
1019
1035
1348
1416
1140
1003
1081
1644
1031
2178
1441
1895
2219
2563
2072
1381
2559
1069
1878
2066
1592
1526
1744
1126
1066
1489
1129
1659
3931
1964
1288
1105
1632
2137
1015
1254
1185
1310
5368
2369
1003
1646
1079
1850
1614
2458
1217
1026
3234
1052
2043
1373
1797
2160
1208
1058
1235
