1
60
6
108
78
45
4
24
1
3
2419
1967
405
139
46
174
15
152
6
14
215
65
2
9
146
2
37
37
46
3
349
20
6
414
525
15
5
3
377
24
279
15
23
9
819
168
6
5668
12
4
13
82
7
4
32
12
41
11
15
401
1227
43
87
2894
2303
69
12
97
2336
12
24
3069
898
15
843
120
202
99
244
2
99
3
1
20
15
51
1
3
3
237
33
2
1
1
9
10
42
684
67
1802
364
141
8
6
497
12
225
10
1
2
10
149
41
5358
1706
17
535
37
3
1000
201
153
686
15
58
96
1
527
45
13
7
265
694
32
90
11
1
741
1
14
2
134
102
841
43
48
197
51
10
43
6
40
5245
2
1
982
7
13
9
38
149
10
12
9
4
25
42
6
145
68
43
5
124
1231
4292
5
10
329
2
42
15
11
2
303
206
45
91
3792
12
1
1
1
5
8
5098
55
39
12
1698
23
253
5
9063
15
161
25
4
61
538
4
11
1938
1803
738
472
7009
1
13
6
1
8
13
1
278
55
15
11
9
3
28
4
796
1
1
5
7
11
9
3
184
2
19
14
6
19
2
3780
37
32
5978
89
164
44
11
109
1
54
11
16
1
221
1
58
9
13
7
203
41
14
33
4
10
966
58
32
10
74
15
7
18
11
1
6
6
266
42
134
54
75
14
189
11
32
11
14
74
1114
2
4660
2062
6
14
243
48
1
39
2136
13
794
16
300
235
2
21
376
1
1
7
635
3
132
6
111
172
1341
6
3
3
139
160
483
3562
4
8
52
77
11
3081
11
80
64
1
53
2
11
36
10
15
15
18
1
3
5
172
1
4
2
7
1107
50
3141
1759
46
35
7
571
13
53
5
9
5
15
49
1
1351
844
75
13
173
45
4
3
100
10
10
156
1
75
338
1
1
30
176
1
207
12
45
13
2
13
2
124
7
83
11
44
58
17
8
6024
150
9
15
6379
5
23
76
3
7
357
13
5
4
57
4
53
6
32
13
4
15
1
7
12
644
34
78
42
15
11
3
13
11
826
16
9
443
189
2774
1957
4
9
1
31
3
5
200
229
12
239
13
95
489
5
3
31
145
6
74
2028
63
875
2649
431
7
15
3
5864
14
759
1
296
8
10
14
35
12
274
1619
181
133
43
2
400
2
4374
186
3658
51
606
195
35
27
19
7
3288
6
9
549
27
922
1085
40
14
43
415
552
58
317
32
204
12
126
51
26
7
11
147
42
5
2487
3
6
90
476
10
2284
1
170
7
31
900
6
522
10
64
30
129
13
15
523
45
10
30
34
14
1170
14
2
60
10
1562
45
6
2
137
167
1
1124
45
501
2
716
12
11
11
71
4
10
1
97
519
13
5
10
8
4300
1
2
13
14
5
2
1
4
165
7
333
4
11
643
37
57
2
96
54
46
6
120
71
11
221
130
14
65
492
441
6
14
12
1
7
919
10
12
11
8
1
10
24
11
10
108
209
18
422
154
14
60
476
7
2850
2
12
5
10
2
394
404
1019
153
7
410
2148
13
1
6
91
988
11
12
7
20
87
1
47
10
8
14
53
14
16
1255
2807
11
6
58
86
34
13
125
3
980
3
15
4
8
4
11
5
6
44
10
44
13
36
1185
10
11
17
9838
2218
69
30
10
2
84
10
9
260
9
10
1
1978
1897
43
73
2132
5
80
1
1471
15
6
55
1
646
19
248
14
17
9
1
703
4
1
27
633
402
11
158
55
205
47
4
842
3748
6
57
764
1585
703
3
1388
6
2
11
1
68
2138
4
4
109
452
15
92
20
2549
6
213
5
2
141
2395
1733
8
9
805
122
6
56
21
5
10
4
17
145
42
891
11
1194
254
96
9
53
152
97
102
13
1
8
62
74
11
5
3
66
6
15
598
3
30
7
2
5
12
56
4
6
43
2
198
90
56
2660
4
7
12
363
767
5
534
106
11
15
1
916
4
43
2
15
119
1938
5
21
1
16
13
6
9634
735
9
4
64
83
12
629
1195
6
117
621
14
2665
13
450
35
149
66
7
81
2
14
1
7
75
11
50
3
9
513
3115
175
58
5
10
8
9
40
12
14
241
155
7
32
10
4
2
708
1
9
34
14
1
53
141
29
13
19
39
345
9
7
6
186
14
45
4
8
87
104
1
779
9
8
3099
30
31
4
3
6046
3
6
3346
99
19
467
17
76
11
13
422
11
135
6
165
883
89
3
1529
13
17
4
694
31
2299
15
7
14
3670
260
547
550
2
28
1
7
59
134
219
4
2
1163
13
11
5
1541
36
154
28
102
1171
1349
71
2
484
70
3
259
1774
3
7
3198
2825
13
38
622
3
88
3
36
14
164
279
7
8
39
64
5
841
107
372
10
23
1574
42
10
11
6
10
1382
444
14
137
6
119
4
1
72
15
8
3
2
498
403
20
11
95
3696
77
32
52
1670
336
60
1
45
89
157
5
42
4
7
15
119
1
1
10
53
10
54
1326
159
3
15
4
34
4
63
1555
729
126
11
7
14
59
14
132
6
23
33
228
464
3
1950
541
31
74
28
37
1682
107
20
6
1238
6
2490
383
4
5
9
9
5729
1114
9
712
57
36
11
4
1253
61
271
748
39
62
439
8
4
1222
3741
668
97
7
9
2
58
428
1
5
47
45
990
78
29
166
65
82
386
3
1
2697
18
4
2
10
174
15
14
633
7
13
1
10
1
4
14
10
3576
9
509
13
11
159
2212
2226
8
13
12
47
556
80
7
15
7
228
782
9
9
11
4
500
10
776
1311
9
12
260
16
188
3129
34
91
7
75
149
1
375
88
82
9
117
6
474
15
51
7
3
108
224
2780
69
6
14
2
5
61
12
851
2
8
30
421
10
11
5
41
196
61
4
13
9
52
100
56
272
10
31
14
1047
15
74
15
5
3
1861
7
8
6
140
9
13
76
27
6
5
13
871
6
3
14
14
4
2
5
46
49
62
14
884
3
14
1
6
12
15
1348
150
10
55
37
1
2157
65
14
201
64
9
102
15
235
7
1290
47
14
1020
82
74
5
2
2343
2316
7
266
1
8
13
6
1
5179
15
26
14
12
36
1
6
96
6
4
1276
345
342
41
91
241
14
77
28
4
727
7
12
1
41
6
2052
67
4
6
15
21
4
7
1
48
1139
14
989
199
12
58
3
821
332
59
1
167
7
66
143
45
2320
34
117
28
4
155
17
60
10
110
2262
208
1
11
10
464
1645
52
8
6
4
182
62
128
6
2533
15
3
4
10
522
226
215
21
19
477
1869
9
1
14
491
135
131
1
16
512
9
3
31
3
5
13
2
40
12
13
646
792
42
3
40
15
14
1
132
2734
4
207
162
50
3
100
714
8
170
196
27
7
6
559
586
99
1802
12
12
499
1118
1
1
4
62
11
1400
9
76
7
660
1
13
162
98
697
13
1259
3
12
4
733
36
9
5
376
4
116
57
163
6
1
184
8
9
42
10
8
9
14
8
3
3
221
89
6
235
165
58
8
8
6
12
5
6
7
8
1
12
1
2
11
818
531
2603
11
110
27
1
2
190
12
1
202
714
33
58
6
139
174
6
8
378
1
2
12
15
11
10
1
8
91
7
442
23
135
11
82
395
12
73
323
137
132
174
148
2
1390
22
15
1
14
850
3
5
1642
1166
561
2796
2
6
1
5
3
11
27
4
15
470
8
1
5
92
13
208
88
1
2
128
433
30
4
58
256
812
11
36
15
31
27
66
7
2
15
271
2024
154
59
2
149
108
12
20
101
7
14
10
49
15
162
220
3
43
193
12
118
7
2985
390
1
10
854
8
1
110
285
1
2
993
10
8
248
40
79
4
102
6
5
1
180
612
15
672
13
704
132
7
292
36
5
13
1
2
65
640
59
8
1
2
7
702
15
151
12
175
14
34
2854
13
19
14
391
4091
8
162
41
90
3
28
43
105
3
11
5
13
39
7
57
3
35
7
22
4
13
2
7
1362
1171
39
15
13
72
14
721
26
3
1
12
179
40
10
5
502
630
5
63
8
2
8
2
2
15
11
15
8
13
1
32
30
47
163
4
1666
6
6
1
3476
440
6
1565
886
1
541
52
7
1026
9
857
1
15
2
185
11
14
22
27
15
559
8
574
38
10
513
723
2
1
11
421
6
9
8
1
2
1
8
569
15
11
15
244
7
1
3
222
1019
50
3
7
8
4
8
8
637
7
19
61
20
2436
1608
118
92
4197
75
5
2
3
450
726
9
13
985
824
11
3
184
94
10
594
3
23
5
12
9
547
1
564
57
1
6
8
64
15
3711
13
2744
9
66
9
6
1
14
12
79
45
11
15
71
1
3
31
1
1
3
795
166
8
36
998
132
395
13
74
30
2
418
236
10
13
5
109
372
2
95
6
1138
56
35
8
14
14
12
71
10
303
188
6
2
4
11
14
37
1534
13
9
19
1
10
11
8
21
53
2410
1
13
504
1
133
439
5
54
42
76
21
1077
1
43
1
4
2
6
1
16
18
11
2
7
6
5
38
13
626
138
66
221
47
84
15
15
14
40
143
66
31
1
8
12
433
1
3
185
771
1505
3
3846
6
3
29
7
132
34
7
7
12
57
6
3
5
5
2
5
795
15
209
210
522
7
13
77
452
1171
2
31
14
14
54
1346
96
8
35
15
1
13
2
6
8
145
32
10
679
10
58
3360
145
876
81
412
13
750
150
35
4460
143
15
3475
28
626
8
6
13
11
56
216
4
1
12
1469
30
84
11
88
12
13
23
783
4152
9
39
135
4
988
1210
632
2228
13
1
126
427
70
163
1
481
72
464
1
1
8
97
48
76
13
806
241
484
3
10
709
138
7
1
7
7
58
55
2
49
12
58
13
11
38
203
3
52
124
539
1155
1
1
39
11
639
14
761
1591
8
14
10
453
7
52
121
248
48
38
5
6
10
3661
13
11
54
2
38
10
73
73
11
6
1
57
771
2
38
8
65
15
203
6
44
8
13
4
4941
173
1
3
7
7
15
9
4136
4
29
41
14
15
13
62
10
6
1
56
106
161
46
1
2777
196
753
44
1
17
283
227
84
1
12
68
3
2
449
10
7
52
19
39
929
5
2
42
747
5
58
118
3
41
1
6
7
14
6
79
9049
1
4
1
6
8
14
9
1
189
41
3
366
591
1
1335
1
185
13
1177
119
68
537
12
66
2
26
3
9
225
12
54
53
23
1446
381
1
59
4
47
2
12
110
175
11
11
56
7
2
11
33
155
4
52
39
15
15
1
55
1
25
6
50
7
55
292
6
21
4568
51
159
47
3192
155
29
91
14
2798
215
53
11
20
12
7
64
5
12
64
1610
136
1
1
512
15
419
2776
106
5
11
34
13
3
12
2
100
13
10
14
359
2706
14
3
3
13
703
5
10
478
30
2351
8
2
1
7
6
589
6
2
12
11
10
2
9
6
424
633
13
2
367
13
13
4
31
13
44
1
105
13
135
595
12
2
6
8
13
158
1309
1773
2420
7
73
9
67
9
35
10
475
7
13
290
2016
12
10
51
1507
6
97
1
9
33
8
8
12
7
1
11
7
12
5
1
15
13
711
2
15
117
35
4
12
3
78
46
56
12
44
13
4
2
1195
15
10
11
15
263
44
52
13
7
841
59
15
5
13
997
3
249
3
230
82
47
7
5
7
4
693
12
11
6
2
567
11
114
1
15
128
4
83
14
21
94
71
664
8
175
42
1156
299
5
11
8
4
5
13
833
88
231
110
3
3085
1631
11
14
582
1
4
1
4
138
208
9
2
8
32
14
1934
1
11
1
4
4
14
416
566
3
14
302
888
1240
12
89
2
10
27
1092
200
125
12
11
17
1
102
50
30
1374
142
404
2
14
2268
3
15
3303
37
11
5
4
37
8
1
12
6
981
8
11
3
17
10
3
4
3
5
8
81
32
12
3
146
7
6
43
8
30
40
1492
7
46
1
12
7
2170
12
1
5
14
7
214
9
11
2
14
30
569
378
13
328
15
1
84
1
6
15
98
8
65
34
66
4
7
1
122
3
11
12
4
10
1087
3455
6
4
2
27
1
5
7
487
1
7
57
113
4682
160
72
8
4
178
77
36
13
14
2119
2
2865
105
340
75
462
32
30
1
2
3
818
22
482
6
8
4
201
1
620
2
267
11
2667
2
33
94
1
5
63
4
14
11
13
76
4
12
71
176
69
12
35
174
208
5
4
58
391
14
29
53
12
11
11
584
2741
79
18
44
64
15
94
3
231
10
40
8
66
2
13
668
43
15
4
129
3
2802
674
10
2760
15
287
33
82
14
1969
4
2105
10
257
82
22
11
10
7
7
686
57
1
30
531
33
12
69
43
14
2872
678
859
47
5
140
23
13
585
54
58
3913
12
15
2
7308
16
4
314
78
1598
71
59
195
44
14
87
1
1930
2
78
1
15
288
4
35
5673
11
62
561
23
11
1
7
176
12
12
32
604
32
7435
1
13
325
1
13
729
2
7
9
14
7
559
13941
685
53
12
40
54
1
2283
187
359
6
66
12
317
5
58
31
1095
140
218
45
73
1768
3
5
1319
11
2484
10
28
2
15
32
2000
77
86
44
22
10
210
7
154
9
40
1
764
183
41
1086
61
189
11
477
106
6455
115
81
109
33
13
8
5
3
1277
1
6
53
14
69
181
11
361
424
4
8
2344
4
57
13
4
767
2461
5
4
7
1
76
605
175
13
38
1
2
17
5
29
7
12
396
51
8
12
9
110
15
31
2
91
48
13
173
14
11
886
77
142
13
13
810
4
66
50
10
8
170
83
7
1
48
6
82
6
149
434
1
371
56
5
24
10
15
927
567
13
93
13
15
5
10
15
2284
594
57
9
75
12
5
10
44
22
5
173
6
191
244
94
1383
2960
549
11
14
14
1
11
2
12
41
2
5
5
659
13
7
13
155
88
1
10
47
1928
8
45
1
9
2
11
3
77
5
35
1034
18
29
9
7
15
8
483
14
7
29
6
14
1049
8
9
22
422
4
30
7
1
1410
13
12
43
6
1
1183
1
15
14
6
11
849
215
55
11
14
14
1629
7
34
30
9
6
30
34
8
5
14
1794
13
55
1090
895
13
15
9
54
45
116
541
6
10
738
11
5
183
10
200
15
4
1095
1
58
8
4
662
2
11
34
1
1
100
8
1
10
22
2
12
58
133
451
5
12
3
423
43
9
63
1819
12
8
181
8
132
9
64
13
104
3
1
3
1527
1
843
250
1096
58
1
5
1021
9
4
146
890
9
506
321
1979
2
56
3154
9
8
9
1104
10
29
4
19
15
