2956
1776
2030
2589
21829
0
1552
1452
1493
30222
4307
1536
3755
10738
2762
5562
19359
0
5450
12713
0
9258
9609
0
2688
3425
11031
20454
23275
2182
1595
0
3338
1241
1116
3350
0
22898
19718
4032
2582
1161
0
0
1374
1627
1681
2313
4483
4268
11025
3914
0
1763
8176
2798
0
2801
3603
0
0
1908
9576
1289
2721
2224
2056
0
3722
2240
6591
0
0
17509
10795
4263
1302
7549
3661
2103
3163
1142
0
6275
1281
8689
0
28319
1731
1324
2474
9686
3298
5213
1952
1918
0
1058
10685
3661
2402
12781
3269
1881
12851
3270
3115
1355
1342
1428
1366
1378
1390
3574
8523
1578
4069
4954
4922
0
1317
5998
0
1687
2550
3766
11692
0
2679
2710
1513
1584
20226
2734
1249
1245
2113
12930
2728
0
7173
0
4810
0
0
40196
0
2047
1400
8913
2871
4993
8459
1864
3744
8556
1308
0
1760
1535
1540
7307
2558
7248
0
2872
31497
0
0
9016
2579
6627
1715
10591
0
1089
0
1391
9880
1112
0
5137
1515
15529
7501
6280
3318
0
4487
2222
8812
1089
2764
0
1251
0
7733
9280
20303
1398
1741
1146
2088
3885
13237
1711
3302
0
11452
20545
0
1754
1282
9598
13422
0
4576
0
1197
2502
1852
0
1220
10002
4869
13011
3885
2471
0
2913
12916
2922
2053
4190
4728
0
3606
2728
0
4514
10906
14311
1547
3911
0
1466
0
1086
3822
25710
2315
2014
1008
6367
1099
0
6900
1847
0
13034
6053
16903
3046
3706
4215
3168
8423
17463
1094
1360
1460
1646
21839
1621
34317
0
1524
1564
2807
1243
2877
0
4177
2107
2460
2381
2467
0
6949
0
2524
1619
0
1604
0
1483
0
0
2032
2244
19886
12335
5687
0
0
0
6518
4624
7825
7012
1164
0
1202
3822
1571
15068
1650
8158
3859
1140
1116
2219
1033
9002
1426
3319
5913
0
0
13833
9265
1181
0
9023
11263
4396
1681
6101
0
1497
2596
28775
2156
0
0
35794
4360
4323
3905
1352
17010
11070
1352
31982
20664
0
2535
2449
1065
0
7774
4161
26076
1552
1127
1994
0
15352
20787
8621
30281
0
2518
1489
0
1522
0
0
3238
0
13339
3201
31984
3723
2308
2132
18313
13234
11975
8052
2278
11820
19685
16331
36349
0
1576
1899
9685
5557
1706
1462
9855
3082
2146
16656
0
6791
0
11994
3938
14708
6668
1004
1093
10270
1773
2612
8722
3319
1980
6019
2347
36317
13840
0
7570
3611
3570
2012
20706
11788
16263
0
5617
2135
10699
7567
1442
0
6592
7172
0
2073
2675
3924
13673
17428
6050
16782
2243
0
0
1205
0
7381
1647
2213
6335
2918
2664
7720
3976
16340
0
3662
3668
0
17931
16031
8210
14704
17361
8127
14256
2290
0
0
13450
11714
1063
1132
6860
13371
1259
0
0
7194
5189
9771
3535
1140
28158
1326
7760
0
11690
15297
25091
0
18648
15965
0
0
2225
2176
6831
7306
0
0
4908
3897
3337
1124
0
12835
13165
1086
1667
9377
7684
1780
5123
1761
2339
0
19777
0
1465
1055
0
0
2210
5357
0
0
0
10311
16525
3929
0
6014
1237
9206
0
6152
0
3251
3814
1282
1437
1961
2011
19297
2749
2158
0
0
3581
1046
8422
2853
6916
6945
0
0
8006
2413
3996
2233
10093
3686
1896
0
4320
2614
5282
3667
0
11373
1468
11955
0
6460
1075
1036
1013
1888
1947
1735
3986
13740
0
4385
1363
1744
3689
0
1014
17257
2081
11206
0
2608
3284
1413
0
5816
1854
0
0
4974
1767
1322
1929
0
9159
4330
0
1209
3215
2949
3132
3411
2609
2736
8073
9706
2511
2438
2421
18062
2662
2352
4527
0
3390
24319
3143
15913
5096
1047
0
2898
2874
2892
4617
32589
1967
1456
3190
2084
2259
1497
5821
15030
1259
6152
1449
6590
1429
3656
1623
8324
3189
2140
1903
7075
15493
22238
0
0
3136
2994
13546
1798
1736
2575
2274
17499
16887
3332
4882
2319
0
2911
1379
4205
14336
11993
2571
0
1332
3621
1430
2549
4044
3124
4777
1482
9315
1420
5337
0
1848
1713
11490
3444
1368
0
0
8333
16998
28349
7986
3709
1927
1771
1731
1267
7481
23854
3659
1498
1915
3326
0
0
0
3163
1931
11366
11299
2990
21319
0
1903
1923
2354
2545
1579
2571
25710
4257
2657
2209
4283
2575
4663
3096
4634
0
1050
3361
13177
10888
8588
0
0
7419
0
1998
15046
9709
1776
1838
4439
0
1631
1602
10981
0
1187
1859
9487
4300
0
2141
0
7219
1729
1200
2162
0
1500
13651
14587
1614
0
0
26831
0
0
4789
7109
0
5061
1633
1403
2277
2698
8633
3829
2488
5896
1980
5612
20608
11075
9084
8566
14822
1757
1355
10148
1502
20768
0
0
4900
2009
1688
0
3455
3657
6878
6542
6485
5718
21993
3721
0
8323
1117
2400
1355
0
2972
1928
0
9156
0
3113
11702
0
2495
0
0
9413
0
3262
1352
1021
17652
2901
1856
0
9202
1099
12355
2235
0
39751
0
1141
1231
1147
1157
0
0
0
5837
0
1492
15893
2419
6562
16721
7410
0
15327
1784
11427
2458
2484
8096
16880
3970
5456
5477
0
18150
1366
0
4305
3730
12605
0
5763
2122
1700
13818
5804
0
5683
2134
1236
0
2776
6905
1196
2343
15877
3763
1955
16127
0
0
1681
0
14434
2377
0
1114
0
8372
4525
1320
1222
1654
1301
1403
3909
2389
0
0
2515
1463
2871
1553
7612
1819
2949
1836
5420
1719
12227
13199
0
10779
11066
3109
5494
1874
2934
8462
7192
2939
2242
2097
14207
1405
1226
3882
8325
9129
1843
0
3021
1313
0
2265
1528
2856
3078
1911
11524
0
4027
0
7520
14317
1791
1777
0
5275
7409
25579
8631
39208
0
0
1077
4994
0
3867
3885
1280
13557
2907
3279
1490
0
2012
16753
4279
18188
12019
2675
1221
18189
9646
38500
5143
1422
14523
0
0
14187
4250
7785
1104
8592
0
5083
7774
7530
10394
4968
2143
3901
4128
1079
8604
13757
1924
2838
18796
0
2397
1753
20502
1224
31817
6619
3366
10278
2466
0
5013
16462
0
2720
17918
8620
9647
2691
1591
24419
4980
2549
0
0
2779
0
8615
21083
4354
4396
0
4712
1958
17314
1121
1766
1457
4046
1060
8469
1573
19483
18475
9918
0
28230
0
0
15128
2395
6137
0
4750
4842
3486
0
6585
1505
1547
1356
3067
5288
3670
3810
29087
0
7705
3431
2908
7503
0
8046
2844
1594
0
2072
4361
2247
4782
1498
0
4178
0
9075
0
1173
7255
0
19796
1333
1355
7526
8629
0
4240
0
20671
0
21999
2837
6436
2861
2802
2819
0
1057
1208
0
23430
10536
2693
2003
9079
4529
4736
19016
1127
1767
3064
6312
5323
2480
14185
1021
1015
13835
3635
14025
14613
31982
7801
0
8021
2646
1861
2041
6833
0
2982
7205
11030
4736
1428
10275
3861
4090
2326
3615
2302
1328
2835
2948
2915
3059
6752
6241
10764
0
0
4299
0
1574
1890
2341
16638
0
4376
7091
1622
3435
11387
2913
1792
0
2787
2972
12230
0
17189
10243
4993
2457
4023
0
1945
4657
3333
1590
1540
3786
3470
8574
2588
0
3239
0
20910
1413
0
2082
2821
4187
3922
2209
3793
0
13922
2296
1441
4635
17421
3399
1409
17342
0
15742
4841
5163
3845
0
13733
16153
13915
1949
3212
1356
1321
1261
8968
12922
12809
0
1242
1725
0
2944
6573
2783
2322
0
0
13455
9890
17615
1057
5454
2559
18899
3498
17790
1537
2309
0
0
1018
3312
6696
0
1572
2151
10822
1268
3047
2331
13753
1222
1820
1141
0
0
5101
4090
1593
1592
1651
1625
0
6133
7015
12493
1893
13813
0
6300
1124
1323
0
0
0
1460
0
5562
1934
8519
1529
6105
0
13795
2562
0
1519
1431
2033
1497
1357
4360
9204
1234
4468
12578
8303
0
0
0
1319
1158
15887
1956
2108
6795
9177
15875
1788
0
10708
8229
1960
6841
0
2772
1025
4156
2083
0
1967
3733
3419
22906
1370
0
4101
1595
3483
0
0
0
0
1922
2033
1841
1981
13169
1093
1636
6443
2991
17545
1926
3368
3438
0
2082
1454
3113
9387
0
0
0
5822
7012
