4429
1913
2845
1724
2498
3941
1894
2627
4328
1698
2261
1004
1740
4410
2527
1815
1519
2649
1732
1855
6590
21175
3516
1359
3416
2265
4879
3454
3484
1425
1109
2111
1081
3737
2379
2626
1615
4890
1087
10697
11119
1117
2786
6721
3870
1821
1045
14672
1294
2942
1335
5707
3015
1569
1422
2255
1734
1040
2132
2322
1406
1079
3729
3681
1315
1325
1313
17614
2236
2520
7100
3994
1298
2604
13532
2490
1798
1083
1630
1630
6253
2230
1673
1337
1428
2482
2438
1098
1408
1681
22262
9139
5044
7914
1004
3162
1471
1572
1507
7385
1028
9150
1129
1548
1481
1086
2365
1156
1735
3092
1371
1946
4484
2336
3016
6284
12521
1063
16431
2223
2129
2107
2301
1387
1020
4126
3118
1368
2583
1426
2752
1575
1470
7378
1161
1147
1129
1161
4223
5561
6926
7765
2086
2081
8871
5157
1856
6656
1130
1053
1995
2362
1672
1325
7517
2088
2097
1199
2677
2422
1105
2310
13399
5596
1374
1373
1372
1671
1252
1958
3150
4318
2051
4607
12429
2034
4057
1094
3078
7197
3311
2417
2395
3350
20476
2076
1453
3918
2853
3577
1920
1047
5856
1134
10600
4162
1701
18753
7036
2249
2527
8011
2916
2637
10080
1717
2472
1554
3308
3606
1045
1497
1965
2416
7884
28252
1958
1962
1537
1655
6440
2728
3543
1430
7473
2164
1873
1985
10713
1616
3696
1130
2026
2763
1455
1163
2792
5094
2398
1217
1038
9039
3005
1309
1705
1453
1667
3964
3579
2132
8535
1074
4004
2623
1805
4162
1728
7873
1176
1153
2492
2506
10754
2180
8911
11151
1161
5103
2684
1462
1673
1858
1639
4652
5015
11765
2346
1383
1376
1375
2825
1171
1425
2388
1570
1510
1768
6100
1057
1137
3680
1280
4422
2142
4636
3621
1812
2723
7946
3308
1426
1832
3733
1136
2121
2897
3535
1097
2631
6731
7847
1195
1444
1762
4586
6298
1507
2368
1037
1891
4108
2712
1650
2532
1852
7867
2530
7176
2872
1443
1375
1716
4755
1113
8464
1428
8497
1328
2790
1588
3442
6690
1303
1831
1264
1154
3923
1051
1723
1718
1122
1012
16900
1042
3736
4065
1506
1327
2375
18895
12067
1463
1943
1341
1103
3011
1472
3424
1205
6770
11395
1406
1450
2855
1042
28459
8497
4288
6379
8555
2385
1335
3666
2673
2743
5850
1879
2470
1649
6632
1409
5268
2472
1753
1474
8844
11921
1538
3523
2340
1549
2566
1064
1661
2115
1929
1628
2403
2015
1776
2825
2383
3171
1259
2430
3142
5655
3970
2469
1239
2030
3759
1108
3512
3030
3817
1352
1345
13586
1006
1070
1339
2171
3516
2728
5235
16225
1844
1846
3851
1984
8809
1332
1218
2838
2780
1405
3436
2270
2048
1667
2311
3856
2810
1660
4401
11909
3656
9399
9653
1660
2142
1559
11862
1016
2164
4835
2829
1804
5337
7573
4555
15130
1534
1133
5089
1917
18732
8330
14881
2378
1238
3143
9756
2844
1324
1567
9626
4569
2479
2469
1497
3607
1447
4812
1384
2415
4808
1607
1406
1827
3633
2457
1115
5623
12750
2768
1731
1005
4651
5604
6743
5071
2740
1848
2177
1491
3854
2316
1224
1125
5060
2507
1604
31144
1014
2519
2387
1204
1579
1273
1046
11670
2212
3411
3888
1006
1314
11821
3728
8121
6985
9875
3870
2624
1919
1099
1505
1989
15432
2860
1329
1687
2903
1105
1562
1517
2223
1380
18032
1784
1143
1182
1201
1208
1476
1381
1546
1088
7645
1007
2224
2273
3380
1797
5259
1910
1646
1546
1411
1118
1123
5087
2091
2635
1085
1075
1721
1385
1347
1846
1360
1227
1894
