39
198
52
78
97
9
1
3
13
2
74
14
102
90
109
385
340
3
12
2133
64
1323
7551
172
1
2193
9
1095
204
167
138
8
130
2464
7
573
255
1
9724
3314
6
110
578
169
342
5
1
537
1
46
53
226
285
175
50
2395
2234
3207
6806
1
53
78
10
2065
623
351
51
645
213
8
6
160
6
13
1
1328
12
1014
146
66
37
326
1075
6
54
254
3
141
13
4646
124
43
584
892
10
72
1170
1928
12373
3
173
8
1
131
961
10
11
9
209
55
19
45
4
33
7
44
527
421
1020
6
573
14
94
76
4
12
130
1
197
10
5682
2707
72
1
12
51
1623
288
1021
10
298
15
14
567
108
71
76
42
255
6
66
287
1023
162
10
1
15
11
4229
53
48
63
3743
97
2688
89
9
140
1020
9
112
318
8
570
1
330
2014
12
169
7
83
4707
63
669
116
158
1475
3
96
49
207
64
523
50
3206
127
78
1
95
7
2
652
36
1
14
42
1
8
11
2479
47
46
2457
8
1
1351
757
4
900
2738
2
11
12444
2
264
74
1
13
64
219
1204
132
57
397
44
1613
233
34
1
1918
917
5
93
7
1638
23
57
1
84
11
14
869
86
317
184
220
241
656
123
103
381
91
403
13
80
6
839
235
4031
18
8
568
97
812
1878
2
93
2
78
1
5
433
70
520
5
1
12
46
3
4808
276
285
5
40
1327
96
1088
15
8
74
1
5738
653
69
62
286
4
181
52
65
9
1143
82
151
6715
1
153
15
4037
10
59
1524
3181
97
178
435
169
130
1535
1514
202
503
4
107
123
997
234
43
49
480
10097
202
253
5
10
107
1
117
113
191
12
1
52
332
533
45
582
152
267
11
95
614
113
82
733
931
1
358
172
595
6249
861
63
26
164
249
11
37
307
1043
7
126
602
843
125
444
38
71
66
3985
58
192
5
5129
44
47
45
1
3128
14
14
2
13
3
184
52
51
9
1
247
398
2037
145
105
67
29
7707
46
15
471
1
1
103
45
84
8
95
1079
55
486
146
4
9
357
64
467
12
662
5
6
161
10
168
49
1
1883
76
69
1
51
5716
51
459
665
14
553
52
182
3246
1729
127
229
1
124
1
1109
10
13
930
737
177
43
1
2
1428
73
10
12
183
56
3
656
3
590
2224
1865
1
1
8509
922
88
114
9
38
33
336
381
891
6007
1
2456
2988
12
139
171
1
4068
15
735
93
70
416
50
60
9
125
190
443
1506
222
2445
664
523
296
58
5
5
1866
1
232
8
1
96
5
533
105
6
41
15
8
830
337
95
539
169
9
7
327
127
36
6
110
2121
2697
324
9
59
616
1015
8
1
3929
2
1228
1
693
15
74
1
1465
7
11
32
296
1310
53
66
82
512
5178
149
142
3
127
1
15
117
9
11509
43
9
12202
6
1
92
117
370
72
15
91
9048
524
117
14910
12
2265
100
320
1
3
106
9293
70
2053
127
11
35
216
15
29277
122
591
2043
450
4
6773
763
7267
142
1061
1
1
52
313
156
13
96
1255
252
14
170
1
275
75
157
2
628
11
7
1
170
12
34
157
11
3473
48
1
1846
196
164
39
11
3656
7
81
765
73
5
9
210
382
2582
12
13
237
48
820
9
201
10
11
1
14
975
900
2
247
82
205
108
10
12
101
4
164
1
664
1
6
1
811
14
37
9
1
1
2
128
1147
36
258
633
462
8
1
2705
2020
996
137
933
38
3289
590
1611
48
14
153
4883
101
102
132
81
10
458
14
5
200
129
677
915
11
121
108
96
2
639
826
92
56
1
4
7
48
1589
70
5
3
190
10103
14
7
64
1
221
1667
314
37
164
293
765
38
220
1569
194
951
69
2720
11
368
1432
1
154
238
120
13
51
53
5
4
111
13
84
190
64
6
70
1
12
1544
46
14
437
82
46
72
2596
2153
49
2
539
1143
86
12
111
444
53
176
8
677
194
340
109
3
71
698
172
97
92
4
167
200
1
60
57
4
9
41
1
333
99
168
288
7
11
10
9600
15
11
139
13
8
1
179
68
166
72
85
57
6
6
6
37
11
7
191
49
92
1
6
63
4745
73
324
6
80
2177
255
1404
641
79
91
89
1375
11
92
223
11
37
1588
103
58
7
3070
521
173
4
4
2317
395
10
61
9
4440
640
143
908
248
618
14
11
49
1325
2578
341
50
67
52
18
120
11
42
93
2
9
2349
372
106
244
685
76
1370
60
78
1
11
45
1857
1
10
1449
2
332
37
1563
67
11
3
395
177
81
4479
68
158
1119
260
15366
94
7
12
4316
110
367
214
13
1
63
94
23
1071
56
99
316
267
78
463
4
2
4
943
917
13
1706
189
8
13
3207
113
165
49
63
219
51
49
12
10
45
36
125
100
22
131
11
45
1
62
96
58
1
361
59
484
52
204
1
1
1
9
64
13
1548
8
7
146
3
11
194
1
880
264
40
1224
370
1
4
8
2355
1312
2247
6
91
173
4212
35
10
149
143
65
69
1
174
1
182
53
1
86
1623
192
17
191
67
10
1
52
569
3
12
3
15
90
93
162
74
7766
37
2689
15
43
935
105
141
47
14
157
14
10
4430
3272
293
1881
1
8734
1
654
6400
2193
14
7
1
1899
83
15
46
2952
58
39
921
97
206
505
7
691
12
71
12
1127
3247
1
5
90
888
4
41
1
65
5133
398
417
267
65
75
250
116
12
676
39
1019
4582
718
50
1547
12
41
1755
84
50
770
103
108
4
13162
8
98
5
12
75
193
219
92
1
1104
11
7
1316
10
65
10
235
12
1
334
5
240
2
7598
322
5
38
73
8
6970
898
3975
7
3
14
318
807
1
726
2154
5
83
409
213
82
55
184
110
10
1
227
31
86
1410
148
1162
11101
118
37
11
6
1
435
300
7
35
1776
11
64
1
10
11
1
1
137
123
52
147
155
261
127
4
178
656
245
9
1895
148
3
546
173
15
80
78
350
2
105
3406
273
1
502
45
290
224
201
1828
4
10
256
280
6
9
2748
646
682
66
7
244
331
98
13
139
1
65
450
689
3
117
1
4220
4697
1996
46
13
1619
575
11
1
69
319
49
36
168
180
1736
5695
226
1532
109
447
80
85
1
329
297
10
289
9
36
1
187
67
1639
55
5163
479
2045
605
1725
515
3570
1024
1489
156
13
1
115
63
8
3
45
6521
985
171
40
15
631
136
77
12
45
9954
72
1
1
1
40
1
33
9
135
151
12
9122
3093
859
10180
118
1
223
15
11
11
1
63
1
118
123
62
3
86
7
15
9
105
100
4092
17
1
61
585
679
1670
61
169
10
2725
15
165
760
42
52
12
34
930
29
170
2481
305
47
10
11
1172
67
129
1
2
2134
356
54
65
1
135
1
9
3
10
3
62
670
521
78
11
5
14
3
15
252
90
86
1
218
6252
184
505
403
1
60
1
14
370
2281
1625
7595
14
188
466
2865
10
7897
55
674
69
93
166
220
131
15
4299
5431
15
2715
79
90
982
591
44
939
15
2181
85
13
200
8
1
50
122
6
2059
5624
249
7
37
55
14
1
12
904
917
528
31
14
4580
255
85
11
41
3
35
62
178
64
45
955
3
5
494
2267
1017
1
5
103
1002
2746
7
123
96
2
833
3
1321
2005
48
265
162
6
946
41
26350
1
1017
69
630
3379
13
76
64
224
1517
15
34
86
75
2
311
80
42
1533
5
65
639
229
76
1406
6
15
1987
10367
202
244
5
145
14
1
59
68
26
1633
314
170
202
3830
266
5
225
47
376
5
43
72
609
11
3995
10
50
335
1822
26
1605
61
6619
10
1531
10
21
20
13
44
15
9
6
159
9
6
51
1113
593
2
215
2290
17
73
9
3
15
63
1
2
47
850
69
41
15
661
1643
50
65
65
548
15
249
1187
39
8
2
41
9
65
114
391
9487
5309
317
1
72
1
10
5
59
5
60
1
1
14
7
461
51
6
32
5
383
466
4966
11
1
73
2771
8
53
6
71
46
6
1
1
8
9
286
54
763
12
678
11
46
41
409
3
308
1
10
1
13
315
68
4
557
1
68
1
1
39
11
15
3
2
195
152
15
12
3
478
3481
1
174
10
63
71
78
2
1
108
69
14
15
32
1
645
176
461
7
68
1440
83
8
9
89
1349
13
160
59
83
347
2099
7
1467
15
1382
8
258
8
3145
104
164
43
6929
36
1
189
2441
51
345
8
150
39
85
14
10
1
13
451
64
105
2632
1125
4
11
208
878
37
52
249
2562
1149
3
45
41
89
36
2574
139
1
1655
3
41
2059
14971
514
7
197
5
168
12
13
145
1243
1473
6
51
147
33
1
303
1402
136
501
289
8
33
34
1807
8160
5
56
1
323
127
92
9
6
38
7
128
520
1
97
1
9
168
147
4
181
2994
9
7213
58
7
722
455
329
116
1
4
10
1363
5310
259
201
1
47
32
75
874
78
123
12
608
1944
61
56
123
1970
308
6
4392
3
3
82
14
1
495
3
1
79
13
447
9
4141
14
1002
73
5
99
212
927
469
3202
212
6653
68
9
2987
180
32
114
156
209
1090
67
3097
339
140
3
64
36
146
53
882
164
47
2438
2
115
1
371
26
1395
3
2
9
54
1
9
1121
253
40
7
37
57
14
11573
629
1
6
3
1
256
6
6346
206
3
2
7
1108
159
13
1042
81
1
15
348
14
2
94
1
177
12
959
420
2532
183
1321
361
347
6
72
3130
14
13
13
77
84
777
43
95
1762
14
14
347
62
9
2
33
292
299
563
682
9
171
1900
6
9
151
154
51
152
2456
2573
144
1
9408
380
5
1432
12
36
38
196
4592
189
9
10395
1
11
146
339
517
121
67
3376
4
1
6
447
2102
53
46
1370
6
485
9492
191
1
283
195
1
1318
1971
135
15
83
1264
2008
10
85
185
122
887
1523
15
12
2161
3
1806
111
698
502
85
71
13710
2371
5
1
15
64
98
5
13
70
1134
4
11
39
1
2200
291
4668
86
4290
1971
1
353
5
1
763
42
132
39
2
215
683
2
1
1
198
3
11
14
100
1
3
1959
989
158
48
120
44
6
1901
7
399
5006
518
6320
284
12
1
3712
3059
2952
3
13
140
193
10
335
111
4552
3
75
14
14
1044
5976
75
203
1181
228
52
10
33
57
11
14
114
5238
13
38
13
865
1
3
11
444
14
4
77
49
116
55
791
1
1687
319
55
1087
63
67
5
22975
5654
1
3584
10
10
13
22033
24
67
381
5360
74
6
1
586
190
144
1
13
11
2
114
498
1
5
59
34
2177
2
894
11
3465
11290
2
2
15
14247
1
333
658
882
48
977
898
9999
343
9304
39
9
270
318
1909
10
1041
3226
2305
8
609
9
69
215
154
2000
4
176
5
75
1
643
3224
12
9
149
132
14
10
1
3112
11
5
19
73
4
1865
264
2961
12
1
44
106
2602
273
38
15
1
2
13
104
11
39
99
48
805
117
1358
1
178
1
1
1046
1730
241
12
5
92
237
8
28
1664
12
422
262
22
7
92
24976
42
2457
194
7
1650
82
43
441
93
4978
243
9
2361
47
7
58
124
78
1
9
712
315
46
11179
7
1017
837
14
657
1932
199
43
1598
1
1
63
172
6239
4
596
6584
244
753
110
14
3
55
137
79
6
1
91
3
97
102
3
68
54
280
308
11
93
948
64
89
214
1
1167
93
6
1
1902
6
100
15
11
159
157
376
2715
1
4
2175
7
115
90
250
88
756
6
15
4
314
1742
32
1
1
14
45
2
1056
2711
209
18732
117
10495
61
11
1044
1268
56
1
134
6
513
107
1277
7
2
1
521
61
57
156
511
1134
85
5180
11
600
2813
53
134
5779
743
1140
750
296
13
1485
7
1565
78
7
826
6
14
9
36
13
1679
2197
98
589
473
1836
199
554
6113
33
1
3435
718
133
136
375
33
37
55
4729
3413
549
1
9751
157
1676
2
2144
4
439
354
1046
131
59
1644
463
1
167
15
58
40
129
10
177
1844
475
53
90
212
6
152
1694
54
1
36
63
208
10
228
288
147
60
11
18
48
15880
141
7
56
13
61
53
20
8
94
1
52
67
4
10
112
120
7
75
1
111
6
204
708
1
62
477
14
64
2187
185
1224
52
511
1051
4
1
47
159
131
67
1
77
14
1
1358
11851
209
38
1749
161
2592
13
98
1
14
8409
1236
98
205
91
38
577
786
676
77
6464
137
44
1621
230
952
84
122
63
987
1923
10
10
900
8
9
3008
2373
48
2
7
9
220
63
1950
10
13
1370
15
1451
2013
13
77
13711
578
275
9
2
3782
33
53
9
3642
15
13
66
1
6
712
9
94
1653
4881
36
92
343
11
10
168
13
1
61
226
10
117
1397
62
13
122
3757
3088
14
744
7
120
987
9
15
111
51
66
112
631
15
978
15
8
86
1971
124
19322
520
1334
1
2777
59
90
40
43
62
1
2
6
13
10
1
53
55
31
46
615
46
811
3689
71
504
1
1345
35
1024
130
33
5
87
398
426
77
211
686
8472
451
1
162
2010
40
40
36
1267
2688
408
14
1
1
14
7
14
1
46
1
124
2497
563
4710
4
1
9
1
3581
77
10
887
93
198
1
14
1
2373
48
4
1
89
13
98
5432
108
6
1
837
1
6813
1890
13
1351
9311
2644
7
3445
98
129
144
629
58
241
115
51
170
1
12
22
8
1313
43
7
1
82
439
42
247
46
12
74
156
65
1
349
390
8421
11
4766
15
15
1
3479
118
87
927
53
47
10
59
119
15
2
122
1942
4315
326
38
70
93
1529
1264
64
355
7
67
1
36
154
86
702
3972
1551
72
46
10196
1419
2
1
8
14
7
2065
1
2807
27
70
10
215
1
5
129
68
2501
78
52
35
219
1
120
798
283
15
5
1139
10
1716
1734
29
114
731
246
1
11
7
46
8241
34
208
411
1
2579
2553
10622
20639
5
3580
44
54
3
65
635
240
1157
2
8
1
11
108
1
464
15
1
3
3
12
978
13
195
882
10
43
66
1789
38
1666
68
105
213
1
2
4492
68
281
169
465
126
171
12
836
1
109
13
1
3
931
29
15
1
3247
164
666
211
99
69
1209
9
1
12293
74
40
5
852
78
172
10
217
3213
72
92
154
10713
41
69
44
370
679
328
15
14
131
36
287
12
811
12
517
551
416
7
4879
118
122
137
81
8
460
1
71
1056
42
9
1
1722
9
421
760
49
500
484
11
13
123
218
17780
74
371
96
263
1
1
602
6
11
11
6
648
3191
14
211
86
469
5316
11
10
147
5
9764
9
126
182
4
1
43
99
6
509
1
3290
156
5
1304
128
51
1141
119
126
14
8556
85
3
79
76
1
40
5283
13
1391
6
2063
2
12
1
650
1
202
1
2
528
223
3
250
930
1462
220
919
10258
11
55
4127
4
79
1147
236
146
2
2
1
43
67
349
33
1
10
225
1
60
1
6
153
15
100
3744
27
648
54
86
34
78
3680
76
231
1703
1626
165
3
14
965
2172
52
962
860
182
1317
158
65
1
599
15
7
14
126
5
352
15
48
5454
12
202
1
74
6161
145
96
82
245
745
280
44
2330
2
267
1705
370
139
15
1508
77
182
687
5
8
1093
15
15
14
65
1536
5
2
13
64
466
105
514
87
98
296
102
3981
535
1529
6
1
134
1
5
2232
1200
1
12
11
2
38
9684
7
1696
7
41
995
9
5
5
44
70
1
723
4516
3
200
6
55
13
133
564
217
5005
757
116
301
2644
3601
124
3737
12
2222
51
1561
533
9
56
1566
418
11
211
1
4265
144
41
2
93
3742
57
104
59
256
187
2328
171
95
9
8
6
63
1
151
1
157
1122
1
12
81
1
14
76
33
1207
46
1
7
5
1403
59
221
2003
111
306
10
13
34
1371
167
2
591
2179
73
1860
5
167
692
348
485
3025
10
1839
240
73
12
79
11
37
235
246
160
693
1336
13
2
13
1
75
232
42
187
639
1305
35
6
3
11
3
676
740
1188
6
1169
5056
261
37
1016
939
130
6
1012
44
2966
1395
138
153
3
58
1787
4486
1
115
811
11
130
66
125
81
2037
226
600
712
415
894
6160
321
1
676
6
657
744
176
89
357
89
11
694
12
1982
805
5680
78
42
2
1832
1
1
144
12
91
1541
1
65
1
90
2
3
81
10
120
192
2
507
4669
41
235
1
72
39
245
1
10
61
77
1
243
188
592
211
148
62
2519
922
509
166
1922
1523
78
155
15
91
144
126
53
61
1
67
10
939
657
68
74
745
1
1
2
590
182
144
172
124
816
79
142
389
62
35
483
6049
2164
167
1
99
1
3450
2222
1095
99
4
14
76
664
152
79
8
619
33
720
1
1
30
1173
89
1046
92
1
138
2197
7
6
667
49
10
12
60
237
3684
118
886
682
53
1904
32
124
134
55
878
129
121
1
210
11
1006
1
52
1
1184
328
3
191
119
33
13
6
1
1
9
5165
5
113
36
2
1217
144
74
69
15
4539
15
228
2110
130
10
1
190
124
3
235
2471
2901
208
12
98
175
1187
410
14
35
92
12
4
36
28
4845
15
2
632
157
121
2680
2011
15
802
37
853
5
1
113
68
8
12
139
1
157
263
12
64
1216
92
1213
1
1
5
1
10
4
160
130
48
3616
741
3432
1
8698
426
4
95
10
334
153
7
109
28
93
133
8
6838
1
145
68
4
474
5143
108
15
1963
101
22
14
3
125
1244
64
49
4
9
270
165
189
1
4
5
1702
257
15057
222
9
98
119
269
377
98
13
546
1059
10
1
26
149
9
56
983
338
1
11580
54
3849
22
7
1015
3909
43
5
1
268
3429
2532
640
11
11
157
506
39
496
12
492
84
821
1
4829
788
431
1
122
4602
754
5
54
3394
116
8931
138
7
2764
549
1265
146
1
82
64
1871
320
1213
248
8561
9148
320
15
169
10
4
31
115
103
3
13
9726
112
231
301
121
1314
35
15
50
13
1741
45
6
461
54
2
76
73
84
438
1
73
1
445
536
45
10
3
173
523
10090
10
2696
29
285
4179
338
391
11
347
162
14
1890
1128
9
14
170
229
4
10
1049
1
46
101
121
49
60
68
64
454
1626
597
5
8
56
3
278
995
67
177
422
307
3
385
3244
4
3840
15
15
68
304
6080
1271
3212
6
37
136
210
103
56
47
143
12
50
1321
139
9
135
1
1
61
1
84
1
78
120
2223
40
14
71
91
55
3292
974
3432
1
2000
1
9
90
50
447
7
10
13
9
480
12
95
7
10
12
15
9
96
11
13
112
197
359
1335
145
687
3956
1
51
1
11
10
114
105
1
210
383
31
12
76
2
1
1198
134
70
107
2
4
103
235
12645
2776
1
131
4505
457
138
71
1
1
10
747
221
142
5
259
2379
93
127
3
4
43
1
2057
7
2
44
285
2837
551
242
834
2814
1332
1421
1
10
4595
3
11
1804
4
3251
362
54
11
6
222
112
58
10
224
6
14
1829
106
12
2
5
110
91
5
82
99
11
2723
2495
8
1721
112
2435
36
65
15
1
1006
10223
155
3358
7
11
2160
6
74
45
128
310
89
94
184
734
51
43
123
1065
1470
310
105
470
64
15
2307
723
60
114
1017
53
3
1
2220
78
2812
766
1
143
59
12
9481
288
1
1272
5933
52
4404
4
14
10
66
122
238
8148
1461
47
942
8
1
20407
114
85
12
15
785
34
1208
11
5956
46
32
171
12
1570
123
4
1292
10
11
7
13
99
2327
1
13
66
583
890
76
538
5
3112
127
13
335
75
1309
224
8374
150
1
411
1
9
1
37
157
1339
240
2115
150
3677
1667
80
62
70
60
13
593
695
106
195
161
7
128
55
196
214
189
3191
1747
15
6
71
77
3881
87
7
9
1133
14
524
716
47
1
73
448
14
8
1411
391
1476
115
379
14
58
1
142
13
249
225
8
134
1
1338
7859
15
113
4
219
15
1
9
46
13
43
11
4538
3556
4
3725
221
159
7
54
7
167
9
11
111
237
10
904
8
109
1083
40
15
172
6933
5
228
175
347
2478
838
106
68
582
529
156
68
745
6
388
115
175
273
138
3958
225
227
3
85
10
155
1006
46
47
1040
3218
2675
93
25
4101
14
103
107
14
48
62
6
43
2275
327
11
117
11
249
106
51
170
540
1266
1
128
7214
3
41
471
1343
67
683
14
109
1702
1306
59
11
72
5
8
13
190
7
30
767
58
3
141
40
2
51
204
1
1177
1
4
841
69
90
10
11
9
230
2042
34
3
80
1440
84
12
1
56
60
11
12452
71
563
1486
4998
9
1
502
68
1663
707
2701
140
3406
388
14
1
233
202
5
35
30
133
182
58
3
878
11
113
45
13
205
879
784
1544
1
1491
1
1
9
67
607
333
101
1192
11
4
8
8
1
8056
98
533
45
12
14
32
818
104
7905
71
39
12
12
57
190
3
66
101
49
1
418
9
1
14
55
2276
74
9
215
75
10
1
47
11
706
51
14
1
1
46
1
26707
136
363
39
30
201
5
13
12
6
132
1
7
1
5
8
74
3
1
58
953
95
180
152
224
32
2661
1581
1
9
5539
5
164
1
791
10
1325
228
39
1
5
61
242
37
7
156
1979
1
4
41
754
61
1
4143
423
13
106
1127
829
315
81
1
82
1849
1
3
337
12
427
11
4
167
336
9
40
11
4
1
41
45
12
10
48
6
13833
14
1
14
1199
4
489
1896
1
12
11
179
73
1
12
151
94
35
8
1004
76
97
113
738
133
260
13
620
418
828
59
1
1421
94
180
204
331
1050
805
11
168
13
1
1499
93
152
5
128
9
54
322
1608
2
159
1
277
1101
46
12
53
20750
310
2808
12953
51
49
1958
1510
1
1756
88
55
9
326
77
11
11875
90
6
1322
684
770
2339
56
386
401
1
77
3620
90
20430
96
1317
1
190
717
7
9
6
2
4031
2545
42
64
471
80
191
5
203
35
760
3210
2670
1
29
3
1
11
73
72
4400
1517
134
1150
385
284
44
44
545
13885
13
1
104
309
1
245
93
180
4
3
715
3442
7
55
94
864
4
37
52
5550
3
1
15
61
462
133
10
857
200
48
204
389
43
345
5881
668
60
62
397
550
236
38
1
528
58
51
5192
293
345
1
7
573
3217
1
8035
2677
2
44
120
1
57
1009
76
1
110
141
99
3340
93
3158
1681
8
7
4
1
4837
1
8
1
74
726
152
226
10
295
82
224
10
13
1
4721
126
1
1
148
1
40
326
15
55
9
214
1357
34
11
1
10
1077
2920
12
15153
41
41
49
24
72
1
11
4468
15
82
62
174
15
137
114
4
9
2647
6
42
36
84
15
40
4455
28
3
860
3175
299
12
414
75
5
127
12
11
533
68
2506
1758
2275
1
114
294
3
10
97
9
3
1
14
1269
43
42
14
240
134
102
104
11
109
4202
86
23
6
40
1
74
65
65
12
104
4
4
3
64
71
3
95
6683
388
7
6
4528
15
7
647
13
14
12
4
1
328
36
9596
44
483
2
1020
2
74
1334
78
2523
14
5429
376
14
1635
13
122
72
99
96
44
3200
14
76
13
14
68
13
32
11
14
59
2
14550
280
1210
68
1826
118
9
41
3
507
1618
469
68
55
10
3
1
1437
41
173
1
185
685
3268
6
393
148
392
1132
174
443
4
3
15263
191
74
13
3554
117
76
12
32
137
419
842
58
394
210
541
108
109
7358
56
61
202
1277
45
320
14
1
44
1
15
6
935
104
80
57
80
69
4
285
151
1074
10
3291
292
2709
1
50
11
55
8750
395
1
63
102
84
75
82
8
2035
5291
1
190
318
12695
1804
281
1
2324
14
335
327
15
2054
45
172
3
7773
108
1179
55
73
14
542
1341
1
35
46
4784
33
5
174
42
61
1
1
5
230
5
9
2
127
1106
209
505
36
50
51
7957
56
142
3
1435
404
55
2
51
4
14
1
10
227
48
8
58
1
768
262
22
866
62
416
11
40
1
46
5
382
164
7
15
5
49
27
10
222
142
204
9
75
210
87
14
52
236
431
15
231
398
112
7
95
4680
1
431
257
286
28
1
519
12
52
115
1
22
902
2
7
4
116
67
567
6
12
6
6
14
4
1193
9
5
1
74
25402
151
2
3149
546
90
11
14
145
10
4493
93
866
93
48
2964
15
5394
3110
47
152
245
115
13
38
7666
15
287
11
99
90
11
726
1441
92
1
1
9
11
2730
7
113
11
1
6
3232
1
451
960
107
12
1
8
76
74
6
6
11
67
13486
627
7
100
8
1
56
9
1
207
7
11
14
192
4132
1
1
128
653
127
91
33
4
851
3724
4087
38
118
128
156
77
9413
62
1771
159
3
9
352
10
86
9
1
46
1
4152
833
1159
8
11
1
2146
85
73
11
95
2713
1431
109
438
2
202
1861
146
2228
228
1235
349
2844
48
61
158
591
711
15
185
1
5
1563
9
757
5404
10
72
474
13
1
43
1
1828
11687
2613
300
159
180
694
4
4
9
3
1643
50
189
80
15
2323
93
356
51
13
196
81
10813
70
8
89
713
10
1225
4
585
15
89
166
99
245
755
13
346
866
2325
6004
418
931
6
563
8
44
79
1058
1
13
105
819
2074
3053
2202
13
98
1350
525
9
73
139
2
42
6582
24
13
118
1
788
2685
736
44
11
129
102
2
1556
54
47
2
10
14
80
8
13
141
295
1
37
180
191
44
594
102
7
68
14
903
11
52
3
15
1965
109
131
28
40
37
58
1025
116
68
11
48
31
1
385
10
1478
6
158
13
1
3
6
90
4367
1112
83
1
367
2905
11
277
852
73
5
1
75
1
144
1
4
1
140
107
1263
4
621
2
863
88
4640
144
840
628
13
2421
60
73
131
719
79
4828
335
77
33
1558
2
329
1
8
835
1014
1
2
93
5167
66
3905
39
1
13
3073
435
8
35
74
498
103
1920
1324
382
28
106
997
11
7416
428
847
115
280
1
1
205
630
154
10
47
1
40
330
116
1
659
2676
7
1
61
112
11
11
546
800
12
1736
1
3557
984
5396
7
6
10
95
6
2466
89
60
2712
91
2134
1
5181
113
1278
1267
10
1
55
69
5008
711
16008
6
106
992
59
61
14
300
691
651
97
11
30
2
275
16
4
9079
3078
55
12
3
916
1
3243
2
6
160
36
5
216
462
206
6459
588
666
1
1
3824
1
15
8
10
10
13
407
145
11
1
76
13
221
4
1
377
4
36
96
13172
4414
14
201
246
4
1
1122
62
1
2731
1059
315
870
31
37
15
5
14
1
1
98
64
5
365
57
4994
11
11
11
15
5
365
16
10
206
180
12
1
946
1
5
86
10
1
85
42
7
567
42
50
1
469
12
594
781
35
1
319
1
121
122
3896
13
1
843
53
206
6
183
2320
2
185
12
39
238
1885
1489
55
3
723
4
1
41
83
48
9
71
94
13
322
10841
791
246
12
10
1
591
236
5
13
1361
1309
666
417
348
95
13
168
51
167
324
86
2
12
350
1344
8
124
8
503
1
11
610
1
1229
7
288
33
177
423
192
7
6
9
9
684
93
611
235
3093
1790
108
1
2184
666
101
780
1
68
76
15
6
9
37
1
1320
3524
10
162
1
93
56
2
2064
52
1348
76
1
1
99
3946
7
51
180
218
8
54
12
957
50
475
775
452
5
1
360
1345
1205
113
7
143
142
47
33
6
57
51
52
228
1965
75
37
1
11
47
54
123
39
355
1
6
6
1505
1
1
13
63
11
407
11
81
804
12
48
51
9
154
237
83
1
99
1357
1
56
378
105
85
563
28
2827
329
7
83
769
50
9
13
3315
297
226
111
356
49
6979
39
99
41
11
172
160
15
43
49
105
1
4
141
1202
66
13
85
5
2
5477
83
173
137
8
583
1
1
210
103
74
724
14
8
49
1
2
85
11996
1963
509
2198
11
49
283
8
67
1153
7
252
2299
100
39
311
1318
94
1119
71
97
87
1367
528
3
41
1
1
72
78
90
1
95
15
1
302
1
90
1
161
1392
2445
73
9
209
1202
1
28
113
1469
287
49
4869
7
104
51
5
3367
9
11
152
997
3
2
45
12
86
107
112
133
951
359
1
81
46
126
200
11
38
658
7678
11
60
12
1
5
9
3
1406
1
3377
454
339
335
7
388
1
1
1
15
94
1177
73
29
48
13
3790
57
197
26
15
10
11
37
955
808
15
60
480
58
13
1285
117
37
53
60
8
402
3097
95
15
6
13
215
42
14
38
1839
15
70
317
1
113
94
204
293
120
3
886
77
96
205
70
13
68
154
7868
55
57
762
171
538
207
1793
1
3
167
13
44
79
74
69
49
1905
80
13
13
7
321
8
528
1
3
555
1
1014
5374
46
84
5
1
1
1
8
6905
2
12
114
1466
1304
50
473
45
669
1
76
250
42
1585
32
1
49
4
1
7
281
62
679
1
1931
149
1
8
1967
1
1
1
5
199
179
3
11
8
788
149
15
199
89
58
59
2
472
43
1
9
325
825
989
3
49
67
37
7
3064
52
113
45
13
5
68
13
127
57
92
12
610
6193
163
32
94
73
195
15
11
9
1495
8
226
640
2040
1
77
69
4534
493
1
67
403
15
430
5856
1
3121
1
199
414
2310
1
7
356
9
469
731
3358
8
9
1352
424
418
107
56
4604
6883
8708
133
56
14
1823
1
236
375
3
51
1
1207
7
22
227
927
9
3
3
1
388
126
11
3309
4
96
7
4
1613
1546
59
79
662
1225
63
91
39
9
11802
6
164
37
195
70
1078
106
9
1
132
40
1
8345
203
92
4
39
1
39
29
1
29
5
3
1421
170
9
66
1
12
92
48
11
583
39
4
9
10
40
126
118
106
705
40
301
5595
9
2866
7
133
13
3
5
1
8
12
61
3
61
538
1256
148
4
1
170
45
301
2
7
143
101
7
1
6
754
7
5535
43
1
10
4
110
58
7
59
244
1
61
55
14
1579
401
63
10
11
83
12
34
53
29
2
95
1
113
186
4
47
28
44
64
68
10
9
1
11
13
2186
3
711
875
13
1036
596
201
2
187
144
1
23
8
1077
37
2920
51
165
196
7
6
6
67
66
227
33
3870
13
400
1578
1576
1870
2
2039
42
58
156
118
3331
15
257
1
185
128
2992
872
2546
15
584
4
6
474
1899
58
1111
112
3
35
1123
920
61
45
5725
4
1668
154
228
405
70
8
5
47
4519
9
5576
181
83
10174
4977
662
7333
9
37
1459
161
1
110
6919
11
3017
72
176
1
1
7
2
1
144
3
131
185
53
4
2
766
412
94
13
122
164
126
71
8
1885
2
287
311
6987
3
121
9
47
2167
2069
3336
9
35
24
1686
1289
56
12525
10
46
8069
1
1
2757
10
15
1127
47
1504
45
644
169
1949
3
111
4
1
10
386
9
13
2093
15
1449
1278
297
1
6
1
918
12
44
1107
145
121
158
64
15
1
89
37
585
15
8
26
12
1895
13
14
107
10
602
6840
218
87
1
223
621
84
14
163
101
114
5
741
2392
2042
568
3711
144
45
236
6705
7
58
1
135
6742
1150
12
1
1
14
7
149
174
47
36
202
19
1
3
1
82
62
2387
13
40
134
1
3661
57
3
608
20
49
883
2
393
780
47
1264
42
31
4
5
99
5
632
14
11
65
15
2
2
1
14
1
1
7
149
13
3507
2436
341
96
303
13
698
518
11
246
5
13
8
2431
198
3597
14
1014
13
138
74
14
1
158
15
1328
101
1
175
1
585
3842
287
652
64
1
343
126
55
10
1176
8434
322
1
73
13
1
60
79
1
47
51
7
2
1
13
6
34
62
101
3692
3984
497
1
835
101
70
1
1020
1
110
131
147
78
504
44
4
70
99
46
50
3
28
66
818
10068
8
1832
14
409
1
7065
1
42
3764
72
111
291
192
465
86
1925
1
105
8
185
213
4649
13
87
12
67
603
559
191
884
545
287
1
304
392
4
296
477
52
541
7867
118
65
40
48
45
292
66
185
81
60
712
582
591
280
78
73
3337
111
8
10
215
2
11
226
5
115
399
2118
149
1727
1
1
15
8
3
1473
94
4
41
5
11
8
4828
292
81
3
1
182
5159
12
3
2
13
335
6
7335
219
745
601
185
10
62
140
1
13
79
98
1
2
12
85
1
489
151
285
511
4296
462
1034
11
1
902
3754
376
13
124
10
8075
1
2420
589
4316
6
1540
1
122
8
15
8
1
54
2475
767
67
47
514
115
2
49
172
42
19
1
1785
38
83
66
293
100
1
6276
2704
6
134
46
12
542
5
1
2
326
627
1706
463
31
13
7
51
546
903
1691
1
12
59
1
1
12
3
1
9
4
233
861
5
530
58
30
11
60
588
1633
8
6748
120
98
1068
44
53
1
186
102
15
69
128
644
12
736
112
40
5091
1
1149
1775
66
71
12
233
2563
3
14
815
448
1565
487
438
1
1
100
1
1
20445
43
4387
14
37
87
7035
8
9149
413
3963
250
116
3189
11419
146
176
1
165
2963
127
72
27
66
99
86
301
6
35
56
14
6078
152
6
15
1
836
11
55
95
11
31
22
1
117
396
2
65
73
1
144
1
13
75
3
1565
55
238
157
47
9
15
48
761
2194
386
6
7
339
2177
3
129
277
175
10
96
3103
4803
933
7
15
1
1382
4
475
2351
13
80
11
62
42
961
1446
94
44
14
45
103
167
4
60
158
220
205
3
13
9
87
335
50
65
275
914
1165
86
10
36
108
1
10959
1
1241
13
23637
164
2
270
10
1
6
163
6
999
320
223
2
178
151
166
1044
72
90
63
451
305
656
68
7579
6451
515
5
23
46
1635
10
11
5
75
873
12
1251
7
85
2
93
4
2
140
1
159
99
11413
1262
1630
3665
1
6
178
688
3
15
8
39
67
68
1
1
14
105
17574
4
4210
1
1295
5637
1461
2554
1
2258
64
96
34
208
4
339
10
1469
4973
5
1433
2648
1
1
362
73
1
3
149
211
255
1
158
101
2659
400
513
15717
101
17
2477
13
3048
1
12
625
778
331
2
190
83
236
439
210
13
1836
11
124
1359
54
6637
387
7904
15
15
1
4
265
1
121
5
330
1
9
6
1
55
60
2
3
4
92
560
10
3
62
1
49
51
59
135
3
623
1
144
26
1
99
64
1846
491
803
13
9
100
324
41
3
249
151
432
14
1443
711
10
497
74
147
58
435
7497
535
10
1
2556
2800
41
217
571
11
90
1135
256
1126
388
565
1135
559
949
850
5
1413
12
7
4
46
10
77
567
20
1
9
226
70
719
1
238
1
336
325
43
1
50
12233
4897
1866
4
14
1571
260
2
91
96
7
440
201
3268
1
67
14
5836
46
137
3
264
35
74
71
559
1
3599
210
440
13
39
1287
500
8
150
138
1
52
35
863
3
83
217
413
73
7
6
1179
7
2706
1
29
1341
242
67
162
68
66
3252
35
1206
14
51
324
45
1371
140
563
11
41
2563
1
2552
4813
147
13
45
6
3
531
92
1625
76
389
2900
95
6
8
405
1062
105
29
13
9
256
99
55
199
4360
2
1
1321
577
14
100
540
1
10
41
4
585
129
110
2828
166
112
5390
516
14
245
109
240
164
379
11
1320
52
1
5
364
236
33
137
321
743
8
1
1585
8
97
166
10
80
191
17
14
3
2
2387
6
535
15
86
249
1
64
378
60
63
125
1768
5342
1
279
273
48
1
480
243
2577
4350
6
93
3414
1
74
183
57
2287
1
51
336
1300
63
54
35
56
1
1
9
238
182
2316
6
4
50
1058
1
1181
2
208
1528
6
18
44
35
140
53
1
110
58
8
1751
1
67
795
187
6
23
1
1
6
58
1
4
9652
1
1364
144
10
5596
10
1368
9
2
3401
108
310
157
2723
1
39
6751
5
311
11
987
1
56
151
3
53
4
57
70
13
2034
11
4
6591
52
37
1
110
119
120
111
183
66
7
11
557
5
1999
63
2142
1
213
24
504
10519
78
1272
8
159
193
107
75
749
8
5
128
30
794
1029
724
10
433
141
1
61
103
140
827
10731
1
8
12
150
929
75
903
122
3116
695
40
10
39
198
15
39
223
289
449
129
13
257
6
12
292
123
61
50
10
381
4
835
1635
102
73
570
765
15
12
194
11
4
126
402
4
150
63
1
130
92
5
408
3
110
1084
2
53
14
28
61
463
1359
1134
163
15
15
147
13
49
2565
44
6
1
10
6583
318
322
1
1
3
7
9
1
840
937
40
797
3746
57
186
39
12
42
37
597
29
6
3861
46
6
1
6
5
65
106
13
2807
82
60
8
1
640
5
96
2375
4
42
15
297
84
243
1
11
79
6
338
100
55
76
12
50
238
43
11
1
1488
1
1754
10
61
4527
184
201
13
14
6
1
2655
84
158
11
623
55
91
69
1
908
1
2382
8
49
276
1
216
237
2428
224
3059
253
6
13
2
139
11657
536
1
38
540
9
99
1328
3506
1
114
16
6
299
1
6
15
7
843
9
981
128
95
56
168
46
94
11
207
3000
54
1
6
104
402
1
110
4
138
405
330
135
7
1993
1
64
1
9
10
11
1
39
68
214
168
5
106
773
15
2407
611
282
52
5
414
479
34
2750
3158
890
10
43
13
12
47
5596
82
13
175
974
51
706
583
157
125
37
103
249
87
3106
1
7
170
242
11
1
773
1
801
