5897
1277
12207
26420
13134
4587
22126
4331
11504
9612
19746
13853
2435
2497
2502
2209
13368
2007
1992
1902
3203
12733
5009
7229
20563
19104
1072
10767
13351
4185
2398
5951
24164
4777
13866
18198
1665
2387
18907
8611
1966
2263
2837
13489
7188
12361
6993
13444
10544
8196
6329
7652
6346
18628
1076
1028
1084
1350
7378
1488
4410
2236
9936
16039
12453
8129
16283
18439
4123
9105
10044
1546
1886
1832
10818
1452
17775
6849
19388
3112
1317
11457
3354
15945
2480
2541
15133
9932
7605
2781
2413
6427
10450
9978
4697
18718
7490
13653
14201
19786
3967
11037
3264
19945
8611
1899
3371
15012
1185
1686
2916
3817
3469
3154
14547
16623
17034
2643
7298
7274
2039
3777
5543
1078
22482
5227
15802
21040
7360
13965
2887
2761
8535
12377
6968
3123
6897
8932
9724
1341
11427
8781
13413
1737
3666
1711
3489
1368
18553
18558
1119
18795
1952
3655
3721
1779
3756
4936
3220
7418
18947
13545
7902
6003
7110
5102
20660
20889
6659
7029
3887
7521
9171
1160
5346
7001
5834
3312
1686
11134
2883
9486
1804
18142
11804
7156
9208
9887
4624
9505
9223
14080
3015
4486
6250
4269
5439
7119
2834
1391
1815
5125
15088
16002
26886
13385
7525
14798
2418
20302
1478
1663
1581
16906
1687
2580
5910
10923
4751
23077
1770
3840
1574
10562
11115
2314
3176
3781
8856
8740
7318
28632
17196
2967
10325
22682
1720
1573
2704
17924
2769
1216
20145
5774
4346
20502
3046
3071
16729
17230
2147
8049
7772
4366
4740
6157
4569
3252
3231
6633
1488
2283
1759
4864
4952
4914
4321
10009
11826
10049
1254
8555
6028
8871
15538
2715
2739
7917
8446
6269
6577
7482
11323
10849
4967
2272
1829
7349
3604
4717
12126
4820
10883
7170
1497
3676
1807
9666
3461
8865
4770
21691
5883
9743
19605
1412
6097
8899
13611
5950
5578
26543
3577
3689
4758
10786
23169
4455
2102
1763
2030
13601
5703
16335
2585
2522
3765
4653
9783
5480
12971
29955
2131
11333
2488
5641
11599
4735
4979
8404
38369
1455
18441
1864
4374
1737
23774
6032
5895
20884
24926
26261
15100
13559
2412
24662
3445
1843
2754
2484
2444
2546
2479
2497
1344
6127
14933
7777
8867
14457
10555
1623
2994
19984
22556
2156
10279
7162
4592
6709
1750
13272
11949
3508
4667
4663
6019
2752
4689
4684
7566
12904
3694
17391
12300
15406
1197
2857
13645
5645
1179
1153
1545
1283
2427
9284
17118
17893
3678
8487
16939
24766
15430
14644
6522
6761
11515
6509
8102
7728
1901
1681
5690
5319
5786
2044
4873
7628
9381
1714
19315
19443
5656
18731
7959
9903
23129
14350
3076
1698
6231
2233
10416
18981
4904
7174
2183
3704
4188
6251
6953
4183
12702
6993
1310
2903
1949
2025
1679
9849
1914
4758
4803
2678
8132
1647
5561
13707
2877
2645
2830
6483
15335
6660
3193
2692
6714
7042
1316
1916
9351
1161
12868
11601
21693
17844
3103
17268
6248
10657
17707
19021
12335
1449
7418
2370
3763
10664
21061
3337
24088
3221
19014
14462
3144
2637
2187
2119
10982
7538
6873
2520
12022
9750
5733
7089
6780
10290
4040
10230
14527
2937
7899
12093
1187
1243
5630
1426
5313
10888
8848
2438
14414
2422
5148
14486
8724
1858
6366
20170
1960
6320
3525
17403
9810
13936
1495
1477
8545
3693
4498
2055
11026
6496
4065
18059
20385
3087
20196
16336
3897
2678
16072
7688
2856
16604
1772
2428
1046
2863
18001
3143
2971
7609
3272
2175
4148
4017
13947
2790
11320
12082
7299
18461
3149
6712
8427
1034
2799
3324
4619
8658
10726
4515
21304
1284
2872
12454
17764
19068
13092
19844
6700
2701
5316
14936
3008
10430
5502
5039
13527
10397
17081
23296
2779
2331
4928
2308
8921
11336
18541
13008
15302
9507
10201
6015
14547
8059
11729
6845
7012
1354
6927
15305
3228
9621
24790
1626
12248
7048
10024
19486
8273
5712
6455
2398
15127
3689
4557
2230
17544
7957
7929
10089
1797
10399
3143
11360
6206
9418
4251
24065
9038
1019
14297
4295
1929
9705
3631
3908
14997
6147
22059
10409
10615
1987
12939
13240
8857
3586
14013
3224
4739
18530
5009
9829
9010
11503
18073
7167
4655
12282
5322
16895
18868
5866
16796
4046
1879
14482
5111
2167
4857
6590
11896
16113
16656
1993
9872
19650
14395
3830
2501
17374
12455
2103
10287
7383
19085
19128
2544
3442
3335
2921
1223
1147
1223
1022
1170
1184
1214
1220
1223
1220
1095
6662
3396
24096
23092
8332
21753
11317
6792
5560
2057
15122
6605
9314
23892
7473
5628
1838
11395
8765
3643
3113
12497
1640
20006
24946
10051
9097
5501
14953
10608
1478
15153
22477
4535
7861
20117
3361
13590
7798
12945
19926
3242
3255
2833
7031
13668
8006
5501
2457
16226
3747
4832
4766
4570
3424
9527
3052
15040
5339
6565
3487
4181
4183
1849
1478
1372
3005
2912
14641
14582
14528
13200
10217
10877
3089
1798
4176
11945
1019
18020
15141
14621
1767
1692
1718
1583
1632
3465
4064
3638
8951
15585
6996
6942
1410
9527
12849
14993
10281
6836
14615
13279
8253
4824
2248
4914
1165
16333
11070
3039
1766
8654
16643
4662
5405
1845
5968
6671
18551
10036
4846
7582
3318
1954
3910
12855
3126
5156
1037
1855
2049
1993
8983
14618
2719
2697
20128
22908
3640
8553
3696
3385
1777
3585
1441
17370
21085
1280
20218
9214
1744
1646
1717
1661
13119
2205
9661
6163
7097
16182
15838
8092
3465
6291
4859
2352
3448
2554
2025
5670
3464
5139
1568
24651
4088
2833
1303
13339
3535
16985
11391
18081
1132
4321
1908
2235
11373
4846
7847
1116
2098
1140
8125
6915
19642
16181
16663
11821
4318
2370
8454
1247
2428
16799
13007
3353
3319
8780
30466
3319
2496
1601
10681
18246
13050
16352
13282
7795
6741
1361
12904
19075
7179
1820
7449
19620
3864
9008
6081
5465
9812
9106
22073
3152
2518
3960
11386
2171
12568
3743
3093
4563
1134
7022
5541
13874
1780
8114
6280
6850
24225
4520
5679
12502
17099
1294
5097
15352
8748
14506
4530
2702
2535
1709
4250
15863
1507
6065
5063
7069
10245
16515
5835
3891
10479
2324
13036
18345
4162
8805
4202
4394
2911
11432
11431
11975
2647
7149
12093
5595
6929
8243
2943
15769
9484
15323
7304
7741
8555
1260
1121
1111
1225
1124
1283
13594
2567
2507
2578
22767
5922
1154
25065
11408
15863
1545
4624
1337
1718
1733
7189
27688
23958
12328
19378
2749
4735
2723
1545
1625
17511
33913
12853
13663
1103
2121
19284
9783
11852
14307
1715
4752
6784
2407
7796
6615
15933
10916
8387
3256
13981
3345
8757
10949
2223
8237
14912
27952
3144
13289
5127
2710
1269
1550
11232
20116
5344
15574
16362
18311
17676
23546
11904
17373
15403
8037
1688
3287
14949
17078
5402
5060
4132
16390
7886
2497
2078
1293
9822
8213
3304
2965
2705
2493
5803
6404
6242
16692
1621
1941
12855
5949
9354
4115
6108
9538
11415
16834
9397
3509
4306
4205
31670
6982
2682
19781
11902
5263
17271
16016
3956
5193
9907
8647
12994
2371
6062
7337
7262
8292
8198
4997
2728
16559
9510
11847
4296
14139
13197
4620
11812
2867
2753
2645
19628
13986
11797
5223
11391
1919
7290
10736
19685
1758
5884
5110
20020
5005
11825
4888
25631
4587
18797
9046
11647
19010
12191
13659
19217
9110
3363
13917
4034
2109
1995
2152
3646
1997
6375
12648
1744
3848
21941
16449
9957
17280
4031
12529
11231
2872
10828
2921
3346
2755
5271
19123
10741
8990
1510
6604
5062
6021
2382
21535
7532
2814
17337
13201
8018
16874
14952
20734
21184
19586
3218
18783
1065
3404
8411
1448
1442
1367
1401
11081
1088
8675
4725
4760
23739
2882
12168
11189
4645
7039
5437
7054
27082
13206
14926
5519
2099
4687
10210
4056
8331
15748
10908
2098
1472
1569
24351
19247
2500
21495
6496
4827
15153
14212
12156
1088
3231
11353
4341
2746
4636
22265
5475
2344
18071
1355
9924
5914
4408
3275
2805
22543
5108
1741
2960
2695
2692
5240
9727
6043
16357
11622
3079
4338
3594
3413
5996
7733
2141
17563
16489
11927
4788
12232
4025
4002
11212
1875
4686
7855
18838
8357
2144
4826
3122
6084
7572
16797
9601
8816
2809
18726
4622
1653
3912
2540
18702
6625
18591
13104
5760
17364
4447
13343
5485
6241
4765
1730
7750
18717
6361
2297
8604
6103
17522
3000
16636
3775
8037
6424
3703
7473
11627
9259
13761
10676
13753
6530
12101
9827
3034
5824
4130
2408
5828
3779
8374
7358
19850
5477
5993
3037
1198
1168
20994
3413
2542
18787
2151
14513
2257
2068
12904
1120
1237
19220
7108
3457
4016
6498
8695
9005
10210
3081
8035
2288
17902
14446
4634
7613
18036
1088
16461
5153
8525
1547
1492
25959
3206
8891
9364
6568
13922
24303
2549
2584
1458
2558
17514
1607
5388
1591
26329
15556
7355
7806
2784
16462
4100
2912
4180
10210
24799
2002
1693
1842
1827
1837
1820
1799
7779
11940
5716
15740
5277
9387
9339
7477
1555
18636
2963
3156
3667
6713
14038
4241
11441
11124
4110
8249
24267
3082
8846
11543
7421
2425
3542
13225
14124
2251
2012
14660
2931
2734
18302
7398
7007
16412
3401
10284
3760
1726
12652
5465
7406
3451
19539
2636
2658
29183
3534
7454
8049
13683
4340
1949
11078
15587
3798
1275
16961
19997
13577
3467
10257
3647
3647
5540
4886
6145
15718
3632
5339
23780
1068
2412
3235
9458
3326
6876
1790
2004
7274
7245
1094
14787
1805
1725
16756
7944
4095
4474
3542
4346
6109
2546
8873
10922
12014
1553
28154
6407
2718
15908
12132
5656
4430
2798
8185
2874
1712
1584
1610
1105
15707
4528
4896
13578
10799
1417
17786
5631
10020
9879
12237
5751
7697
12266
17340
17785
16795
19457
1934
21546
2331
7169
7126
10210
6485
4642
11730
4021
3510
10208
1321
5087
1897
1919
2375
1182
8690
6903
7786
7807
5027
20148
4228
4175
9615
5158
8292
19529
7634
11916
14528
2840
8266
2293
6774
2254
2063
8973
5019
13551
1531
2932
5311
5596
17256
5818
16757
5963
2989
1985
1608
1971
1980
1953
3550
11866
3792
1157
6514
15562
3446
12160
4112
29866
13299
4878
5603
3023
10687
8315
10385
6222
2026
2710
2694
2664
1846
2637
13682
17607
7769
6029
9685
2403
2380
1443
24368
2866
2853
8513
4115
6989
1614
16335
17836
10377
2565
5890
7989
1955
10806
2061
13966
20093
5560
12842
13739
13987
5381
2982
5522
4024
10978
5201
4663
16344
16685
3406
1343
1747
3827
3563
6183
6851
1022
18810
7363
1336
1477
3192
18723
10546
3971
1585
1576
10197
5690
7287
14304
1023
1058
5413
17300
7613
1975
5769
1751
9790
19469
3972
3911
9265
6673
21101
1567
3053
14795
7157
1407
9277
7606
6188
5101
2081
20052
8963
7118
2086
7536
16652
15265
18656
2950
10953
15389
8375
6324
11629
7166
14776
25812
17382
5923
12879
12426
13502
3543
2167
2924
1720
9559
6562
4170
3285
3384
2105
7380
15920
21290
8351
11378
1501
6095
19350
16340
3211
1962
8573
3607
7411
13554
8299
2710
2941
5590
3715
7238
8149
11370
22694
1763
15795
11995
3524
5327
2494
17640
1325
4108
3174
10306
4418
12655
6152
14373
13322
11490
21148
18367
2523
1530
2958
15097
3332
13626
21282
12285
9968
6519
9577
4037
13615
1820
1822
3801
5783
8898
9100
2429
13618
5685
13249
3183
5928
1744
1589
17550
18471
10524
4373
1709
6056
13029
5128
24839
5773
12082
5511
13201
20327
14449
9115
3646
26341
15854
2178
7023
14422
10893
11283
1545
3273
12061
6708
2605
8982
7896
2387
2279
10793
7269
1226
16805
11826
3629
1950
3170
2994
15157
23959
2132
9603
3597
16725
1395
4254
1015
15411
5641
10851
5455
18245
4515
15493
18769
17544
10140
2208
12665
2862
1794
2657
1506
3255
1202
15157
9496
1972
6547
20607
4586
1756
5150
4112
6755
1469
4207
5961
19262
9005
1073
2007
12285
17081
15768
4529
13108
2218
8611
6893
2320
9977
1092
19940
8255
11538
3390
3403
1465
2246
2917
1687
9612
1697
3043
7000
10969
7912
8464
1830
4089
8673
2434
18445
10003
2735
11230
11249
8210
3701
3709
3709
3900
1392
2419
1254
1125
14280
2389
4175
23359
10224
4789
7469
16957
9572
1936
2567
2153
9351
3992
1946
24628
4922
17197
6479
4288
13588
1040
13068
6251
14585
3205
19136
5906
4833
7560
12709
14879
3795
3637
2757
7725
4663
14182
4623
7436
2679
7201
4557
13812
1335
1103
14730
3984
9107
3515
12234
13901
1076
9535
8264
16626
9659
2697
14347
4175
20725
8989
1155
2185
13397
5844
5527
20736
8734
3485
1071
1047
1103
1076
4189
7628
4695
9951
4113
13367
7108
5839
10628
7515
6747
1678
7748
8221
16820
26104
7620
4063
8023
13039
17483
7048
7833
1835
2270
2314
7844
15712
3362
8880
5117
9480
1888
1532
6864
4525
16266
1683
17439
6172
1892
17117
20803
1300
16700
14792
4291
8813
2216
17413
9358
18920
1969
13742
1597
4126
3340
2067
1376
5038
5647
15955
11417
19097
1006
10418
8894
4309
11446
13331
2621
12473
13803
4511
15651
2971
20132
8549
1378
3158
9037
4020
2290
3665
3730
6977
1469
1482
1429
1788
1779
2323
8165
12680
22522
2722
11191
10339
10297
3563
13696
9066
9983
5182
5383
9857
3880
3928
2637
6217
24476
3092
2503
16107
9488
1913
9472
1238
11370
30422
13137
2463
21026
4404
2212
4789
6306
4525
6581
7157
28428
15446
1668
9613
1241
10035
3168
1981
5719
12270
1422
17488
16547
7906
1335
1007
1328
1395
1416
1356
12358
13590
7780
6338
11363
4521
3510
15989
7825
4349
7788
1158
5454
14129
26528
12756
22801
3700
8464
2802
12206
6225
15507
16303
8777
11104
18077
12451
9043
2373
2680
9629
3400
7224
24732
2687
13033
10341
5256
4506
23589
16611
8340
4239
9551
1352
4929
4743
4008
3066
3446
1168
1850
1843
3388
6319
4012
14835
18740
3140
1067
4921
16603
5078
12550
15328
28741
2260
1071
8341
17527
2055
18524
4180
12384
4627
7689
11831
3508
10513
1244
2617
4422
10095
1802
1076
16650
11643
2816
10254
16717
5330
8968
5200
7817
21860
14390
10361
11012
2832
2506
3072
1654
19341
5564
13869
8884
16150
3897
16484
21622
11433
3552
5658
1451
1593
19595
13200
10715
7727
14452
1560
1817
7354
6707
7493
5056
3596
1862
9415
1214
20059
22329
5998
4811
6357
1828
22467
20218
2141
1995
1684
18764
9505
7690
10625
9525
10416
8775
2133
18391
1783
19765
13381
21044
9142
12373
3233
8554
11242
9280
18006
4451
8132
12411
3957
13461
12060
12934
6852
9393
14531
9190
2997
4402
7616
16947
5581
13351
10077
1989
2880
7022
20732
9493
12135
23144
7504
1517
3106
14901
11399
6667
2028
15669
10566
5255
7709
10486
18294
1164
17485
5912
2842
8082
3050
2038
1329
5340
1894
14101
11361
19893
4436
1416
3497
2880
20028
13564
17363
2410
2986
9195
5081
10545
3372
5732
18652
2313
19900
9333
4364
13493
1697
5901
3376
5081
5996
6032
14569
21753
5805
4080
10758
16471
5562
10398
18075
4247
3105
1842
19012
11624
12593
13120
11420
20521
2545
5566
4577
3557
4663
9059
16430
10899
4778
6316
18949
9368
16793
22255
17915
2863
2472
1602
12868
10040
10534
16174
4178
2993
2772
2766
2260
14972
5719
10688
4126
1529
2745
8679
2055
6194
2748
2435
10567
13671
8497
11730
22150
15152
9951
2793
1184
15681
13894
1744
5971
8590
8952
4596
5993
1867
3837
8026
8775
3576
3937
8159
17470
18431
2304
9583
9034
3857
5285
1236
1225
1018
1355
1049
1348
8548
8213
4245
15242
14835
14176
2391
6845
17775
12960
2802
6451
11298
11022
12100
1179
14454
13301
5216
4256
19194
4200
17334
1864
14574
5321
8135
9009
16410
11002
13424
11828
8229
3705
1933
1947
1866
1924
6404
6280
14601
11930
1327
5612
9973
1387
5664
6901
1962
3217
2406
2434
2408
2163
3112
2115
9086
2968
21470
2541
3989
8232
6247
6730
19254
2085
8304
9491
5346
9944
2155
3239
3053
2587
9535
7789
2966
3746
18599
10839
2587
2699
4213
4112
2452
10347
14119
9335
22227
3212
17057
15276
22383
5107
1040
5545
5620
2447
2792
3548
1762
4658
16631
13988
4071
19836
8785
8180
5641
5027
2037
18555
7803
2247
4976
13926
9763
10458
18929
7241
11634
4808
12019
4496
12364
8230
15853
14750
4694
6311
16470
15052
2795
9495
13876
10461
7486
3455
25349
10243
3402
6086
2267
3597
4724
3344
3155
6501
15682
2300
1750
1675
10237
9569
6203
6059
6802
1095
3942
5928
1870
5701
11540
15811
6057
19038
19120
6334
16326
14970
1881
14748
8721
16892
5415
3787
14535
2039
5250
15155
6425
15376
8901
3076
13247
4312
8305
3841
2356
2558
16066
11527
3655
3708
3595
12894
10237
3834
10307
4686
1844
2977
5806
14458
9866
6971
1941
12199
16832
19411
9219
2216
2149
13132
6186
4753
4256
1923
3166
11221
2647
12970
19051
12685
5905
2725
17618
7367
10765
3226
3035
5391
17208
1235
5063
3545
16427
5664
17456
11284
17520
2295
8618
3276
10939
4986
1024
1517
1542
11060
1365
16657
1317
20450
5401
16384
13097
21327
8104
1983
4418
1556
1711
1498
3111
4028
21058
1889
19532
6571
1538
20030
3885
2651
19805
12183
6731
6655
8329
3015
5124
14358
13105
4279
27145
14230
5530
3949
3421
5087
5460
2689
3119
8807
1849
8455
16724
3759
3245
10430
23695
3490
13125
4887
18700
4016
4981
18254
7659
15899
10393
1426
4663
9985
1323
7619
2488
2372
2337
19202
6990
2084
2573
1292
11864
1673
7170
11715
7720
9421
7474
11097
21981
8360
4544
1377
1457
1556
15792
3100
2435
9402
1591
3145
10633
10464
5397
10654
7425
19069
6549
2099
9815
3127
18839
9301
8187
10746
10298
2904
13072
3569
2752
1841
11455
2715
6700
13593
4029
27852
14300
4434
16570
9302
2229
10146
2152
1264
4557
8662
4214
12824
2038
1084
22374
10029
9599
3494
15426
3395
2842
5051
20102
26360
4232
5509
1956
3052
9585
5066
11982
10868
4936
6389
5790
10984
1104
1604
5298
10857
15017
23879
2269
14151
14012
10202
14471
10052
9739
9219
1746
6251
7434
10110
20961
10726
10518
1451
9487
3509
3461
6335
14815
8611
18959
21249
14580
3172
1991
3444
15106
4037
12521
7300
10696
10634
3717
11256
1567
3065
15845
2744
17842
16031
18931
5332
2374
2401
2054
7373
9881
1261
6441
2997
14517
1611
3169
3468
22076
1177
10775
14337
10828
9494
13812
1635
9877
8189
7241
2203
2331
2285
3033
19277
4446
2738
9978
8877
4377
9570
6363
16291
8735
6061
9457
9168
4392
1417
3244
12235
1171
12696
18091
1459
1147
2085
24722
6389
5433
2011
1933
2012
3235
5737
6735
1297
1250
1153
8753
2102
7223
16560
11677
11268
3703
10605
1251
1573
7139
4628
13021
3929
2435
2303
1440
11454
3285
8831
18349
3900
11909
7177
2813
17787
12939
17078
3544
19148
19217
1178
13027
2407
2809
2065
3854
2366
1098
15257
4253
3854
12682
13274
19260
1426
12608
2037
1907
16736
11389
8382
9011
2673
7280
15929
3013
16339
7171
1381
2646
26165
3264
3565
1489
3768
11125
4747
16421
17186
10904
16190
11710
20978
1291
4562
11124
12017
4050
16208
4814
8094
6741
20533
16938
1219
1396
2653
6463
6989
4259
2211
14688
3936
11053
21751
19965
7710
10053
1879
2344
2111
3204
7715
10754
5562
7674
2827
11990
2876
15890
6390
3337
18407
3107
1989
20512
10737
12459
1327
2158
22129
22366
11341
11520
1462
1244
1456
1413
1479
1287
1497
2539
9608
10108
1738
24762
6520
11010
7189
12665
12752
13264
1885
1931
5508
10645
22167
14769
9387
2219
6025
13656
6522
1113
35818
4166
3337
3486
2436
4329
6911
11467
2955
2836
2981
1435
4677
15318
2050
4896
7100
3049
4135
6834
1453
18905
2892
1899
1163
14943
13574
19985
15081
9318
6516
9586
14117
9545
5122
3815
8362
1543
11998
5941
11720
6918
10396
2945
18638
2320
12220
9800
7953
13892
19646
29457
14412
6322
4358
5952
18061
9942
12103
7121
4633
3389
8547
6250
3355
4113
7613
12110
16629
17129
3652
8561
4410
4461
3231
1846
11977
4624
12351
15284
3541
10538
3864
10238
6960
1267
9644
14412
9777
5733
13777
5334
4728
4768
5246
9931
2001
2836
4745
4376
10453
2627
12267
3191
5458
7753
6051
6214
3673
3687
4379
3805
7320
7535
18455
11225
12606
3439
10116
15459
7044
18617
8024
2162
2202
1208
5104
4188
2564
1717
1717
1718
1663
25838
9240
12968
7800
8306
3596
23110
2482
3349
8559
5330
13150
14044
2412
2452
2366
1171
13188
4064
6605
1695
17100
13127
11567
2368
2534
1197
1988
4577
8751
3372
13373
20230
8937
4943
7969
14623
1192
3186
3170
1296
1976
1837
12571
6262
12206
21371
19523
1897
5341
21760
6467
8974
2449
2449
2454
1474
21705
2084
21078
7426
1889
1276
8564
8808
3844
8420
18971
14061
4074
15748
15149
12552
15981
2073
2096
10552
4385
2734
1536
9651
4405
3275
9947
5711
6511
25459
12707
14208
23211
3185
15044
4612
1007
2852
6106
15786
5875
11152
10091
8689
4792
11543
19371
1929
1101
6937
3033
22061
3433
9329
9186
7276
18115
13897
3386
4212
20079
8418
7740
1508
25606
3920
3753
4253
5990
20826
10049
9466
18360
3895
2869
20642
5146
19496
5253
2003
14464
17558
21782
1826
10778
10458
12279
3305
4346
3528
13574
2552
14040
3278
1419
22154
14965
1565
10619
7587
10002
2890
3274
9906
6413
6414
1211
16578
10400
4007
1379
16367
1424
2938
14770
15442
8202
12932
2647
26564
25908
23657
6434
16618
4053
1232
1588
14108
17704
2340
27981
4576
5224
23168
20999
2069
2152
1121
5661
10077
3723
19535
2709
3839
6605
25322
5758
11207
7732
2130
8819
17352
2749
7209
7835
8454
3161
6144
2236
3595
7196
21085
8747
27456
12156
4025
11416
6345
3678
3357
20236
1236
2606
10205
15789
17268
17308
3304
7818
11249
1941
1675
1815
1709
2695
5796
3998
11199
16884
18089
17179
2169
13071
19948
14839
9145
7476
5803
2894
3924
15274
13526
10942
6746
5140
5225
13218
16482
4473
13352
3945
17699
1365
1367
1377
1378
10940
25575
12247
8819
14020
5223
9578
1341
2037
2573
3965
3556
7769
18202
4604
15701
5436
4524
4278
21476
13235
4859
3870
5722
12108
8842
1393
3309
6074
20511
13329
17102
15818
6570
4881
8068
4793
9740
18862
4779
2432
7651
4404
1545
1986
12402
2097
17866
4340
3797
14084
14750
4952
1839
11963
18705
1561
1445
1237
32514
5915
9764
6517
12148
19028
2289
4725
3425
20366
9106
8704
1424
17117
8154
2507
15564
4453
10184
2698
2184
3809
7873
2591
12120
12573
13198
8119
16881
20683
16088
7035
19614
2261
14642
1498
1411
8245
2610
9949
9196
17256
8617
3806
21133
13369
14890
5860
3178
3255
3252
16876
5168
1484
1218
1319
2600
18946
10052
15383
10662
7748
1045
6018
14836
2869
1646
2056
12269
5985
18374
3714
13299
9966
6467
7600
2709
9469
2502
4356
12473
9143
23085
7727
16602
18448
8297
9219
3137
14931
1077
3432
3121
2718
10179
3879
6231
4877
3195
5081
6895
8712
12209
3215
2120
4876
6355
19957
13798
11780
2257
12918
5199
11444
3457
3076
6283
1838
1787
8307
14376
7911
4986
10323
6205
8383
7085
1643
18094
5874
18524
1254
1919
13770
9891
3988
12857
1588
5844
4122
22959
3605
12129
11021
1077
14764
10381
7861
4710
3303
1829
19786
6482
1392
5877
1656
2362
9347
2833
3933
2872
1782
1250
1751
3483
7589
17556
6077
2015
6789
5840
2605
16033
4423
3223
8195
1325
2451
11494
2106
12287
12253
7510
9291
3909
18486
7251
2982
5540
6656
7315
1722
4902
5630
12025
20901
7817
18919
6911
6412
5229
1115
6067
1070
1064
1022
6221
1136
1238
1208
10293
12079
13467
1733
6097
6787
9092
18271
8010
9400
2744
6661
16228
4688
4784
18707
1573
4411
5390
7768
3671
12461
1313
1499
1183
6051
6100
8610
16254
12236
4818
14219
15588
7716
2014
4682
7446
6286
2779
2856
19562
5261
2614
9052
5394
13933
2937
2987
2802
6683
4278
9297
1966
2109
2014
10004
7828
4196
8232
12503
7421
4778
19269
7112
7248
17321
23202
2086
4412
13527
3795
15972
6460
10338
8776
8576
3384
13456
10601
3067
3108
7217
9797
7726
5584
5140
7585
2137
14910
13061
1982
2020
2022
2022
1306
15622
13729
6149
1970
9433
4087
9111
7991
7876
6978
19202
3628
13760
3125
1924
2313
2089
9029
10846
8548
10586
3440
10989
16375
5355
18499
1984
1982
1977
1229
8851
14006
17147
1181
7749
4860
1157
1124
3318
7660
3917
1800
6869
9271
11445
1825
2748
5881
8896
17075
3962
5029
6871
4214
10091
7216
4505
9335
5366
13832
1201
8878
1328
11794
14501
9065
29172
9978
11584
4335
1671
19780
16810
7544
9938
6782
2436
1349
1182
3280
14716
5160
11716
2865
6925
8153
1609
15307
7386
5439
7763
2764
15013
6684
1540
7519
3386
16243
16124
15436
2123
2058
1509
1492
2401
2067
2048
1873
1310
5333
2395
13898
5197
5741
2470
12298
5035
3389
6324
13048
1080
2014
22024
8834
4669
7860
5868
3449
1220
6199
4815
6356
1667
1340
6702
1925
7012
16137
2515
1158
9218
1903
3484
4635
7165
25586
3267
1380
19559
2003
6510
12501
10465
16720
6870
12427
1095
13937
16410
21571
9871
4928
13201
13936
17428
6891
2209
9650
9514
5664
1183
8462
13445
21125
4360
2847
15564
6647
4997
2938
15257
4950
5970
3589
14417
18664
10973
3969
2576
5760
1851
6573
18540
8618
10905
13835
1813
16842
13234
15496
9646
5538
17774
7655
10866
11648
1852
1064
13764
4120
9975
7285
5407
12681
18536
19463
8482
17371
14917
6963
3173
8247
5448
6514
13197
10409
1704
13667
18174
3563
3611
8857
2908
3144
18975
1113
4095
17118
2027
5592
23278
14368
1726
2676
2679
2184
1488
2249
10513
8114
2435
19944
1393
10123
5010
2174
2126
2155
12572
9526
15243
12928
1519
22504
2590
1319
6447
4056
28399
22118
1217
9766
2175
2190
5529
20798
2776
18344
11105
2779
6616
26261
1029
2937
18451
2282
2169
2287
13623
16400
12960
2669
3375
9303
17122
10072
10005
7671
3412
4608
17281
1071
11239
9550
5542
11894
1786
1212
3917
6312
5545
8995
5667
11257
6162
17793
7074
20567
2261
2369
2301
2504
13913
6998
6428
2493
1269
10305
7480
7537
10362
1655
13832
2648
4249
1521
11550
2089
3470
2951
15689
2660
2710
2038
2647
14566
6027
4919
2093
2294
2111
2099
2018
3461
1784
5153
6379
12847
4822
11589
11302
20244
18373
8329
12517
13958
1767
15437
6396
15595
4064
2137
8778
2124
3369
21043
7204
19461
2800
19031
5149
1981
17041
11401
6833
1004
1208
1049
14235
25022
2979
21609
8163
21231
2759
6702
18670
24901
9320
10815
5657
7773
4510
11194
4443
3023
7033
10242
1258
1401
10753
8073
2682
8895
1757
1724
7901
14473
10631
1533
15638
15471
14750
12177
7940
3326
11020
3985
6174
24644
7328
2299
3404
11325
2482
1201
4608
11820
8792
19134
6653
7801
12261
20048
7360
1526
16331
2668
12205
1660
1561
9229
6110
4830
15584
5391
13516
13196
7165
4415
6306
5589
8298
3839
14962
19462
13325
11682
17083
13633
17488
4220
1894
1000
9066
14698
6936
17667
15875
13682
7662
7181
12018
6106
1239
1236
1239
1181
2063
17884
10793
6973
21096
1144
1144
1102
1107
16930
1110
3183
7242
6226
4154
2899
2792
5705
3741
3919
2093
9704
5768
19598
13256
7945
5845
6722
12146
12917
11410
4158
1686
1663
11014
10966
3785
19061
7895
4287
1549
4911
9803
12509
9301
16293
10111
3095
2300
7917
16479
12130
1956
2614
3068
1210
15888
23930
2983
5729
2885
7786
2637
1596
1961
1506
2541
2890
1661
8825
11013
19932
10975
5649
3065
2767
13279
1820
10139
2774
22485
5531
10409
8598
6867
10371
18081
6155
3695
8914
1151
2091
19433
15089
2657
10537
14954
11076
7053
10701
23688
1817
1837
1852
1788
4368
6518
14336
5448
15073
2535
7786
4163
14663
10616
2475
12958
14344
18434
4556
13751
4179
2124
5972
13515
12680
5647
5867
2915
16236
19051
14933
4456
20096
10529
15884
6468
5170
13027
15245
4559
4037
2903
3154
4486
15103
15394
4919
6884
4124
5236
5954
4244
15869
13960
8759
3896
1604
19956
8029
20183
1145
1930
2978
3036
14733
8178
7792
13464
2002
8470
1517
2411
2320
5530
15820
7246
15123
11458
1673
1618
10957
8807
1305
7850
12734
8820
2179
5086
5128
8040
17027
2873
4528
10381
7650
25552
1497
3355
5432
14613
8192
20893
1782
18583
16103
7718
15366
8330
2288
2332
5913
17363
1487
3535
6403
4260
1090
16046
12168
3433
2951
1971
10193
6811
17581
11647
20787
1628
10740
8576
5286
8213
2750
2372
12441
16311
1099
1333
1333
5334
1248
4526
5019
1190
17936
2007
8404
10608
3126
11330
3029
9961
6246
22086
8631
9350
12984
3529
3819
1317
1263
1981
12778
1463
1462
1459
1400
5039
7604
18940
14485
14011
14082
20832
3947
1194
14095
15423
1122
3366
3589
9851
2269
6988
1618
1650
8900
9702
9022
9616
5769
12242
7154
17588
10891
11654
3343
6322
5778
8522
11590
12709
2124
1456
1443
1512
9164
19529
9351
5895
21151
11413
7000
10048
3716
4557
6776
3453
11474
8159
3554
16727
6044
14025
3807
10852
1403
2051
19339
12808
18800
17026
2862
5750
2650
9312
2728
2767
8829
13020
6776
2236
20256
13209
4315
11020
6744
5879
4029
8894
20173
3457
19764
3621
2145
3407
9894
2864
21944
10459
2488
18742
8970
8680
12979
2137
12885
20773
11310
15927
3361
2864
1145
17731
11971
3156
11916
15580
6949
4872
7599
4014
1115
8573
16058
1039
14334
1678
5789
5510
15003
8616
9584
12766
4374
9883
17700
3272
1778
1462
12289
1926
1494
9018
12038
3331
21275
7337
2592
7318
15860
2634
10557
16460
1560
1369
4893
4623
9030
2679
3797
2182
23237
14991
6216
2344
18381
15277
12272
17347
3241
4788
2877
3985
10484
9701
3055
12240
10537
2392
5651
8304
9590
2181
5509
13457
16462
1183
1263
1786
10832
5099
5983
10257
9018
8570
1440
4446
5714
3691
19326
2863
1602
11735
10058
13075
10969
1564
11294
7298
14230
18367
13510
12903
10108
12988
11569
25526
17933
18420
7659
13762
3984
18402
2868
9434
19707
8084
1557
3132
7066
7324
4786
16872
2420
1632
6559
8351
8948
3586
11034
6581
14943
5684
2592
14682
7690
1048
1935
9102
11248
15068
6345
3315
3801
5514
17139
4948
8538
5226
1523
2371
12121
1817
7141
3885
4856
1064
4347
1629
10627
1393
4594
11661
1166
15086
21145
1973
17505
13414
1213
11193
5539
7009
12507
23772
8517
3689
3048
11185
5796
2453
2645
4637
4616
5216
12613
2822
9287
2975
5286
9854
16230
2844
1505
15485
6595
17875
2275
7095
14789
11371
10948
12306
12122
8226
6097
1716
13693
15752
12668
2111
1058
19119
3995
5491
13911
9166
22185
2185
2341
7540
14659
26382
9128
5340
7446
1121
7713
11847
12411
7197
11792
11266
20027
1131
15137
21653
7396
9402
9998
12424
10036
16335
11844
2262
12904
16575
1554
15138
16835
9304
16790
11099
3106
10405
5813
18605
1084
14522
22276
1782
1471
5249
6487
3546
3469
2265
13441
13957
25999
11783
10040
2220
3316
2078
2303
1087
3308
16768
17064
12659
3422
2825
13580
9171
4578
20197
2283
3276
14214
4957
2434
17711
1102
13533
19124
20931
7075
8045
3255
3558
17520
1393
14989
2908
1189
2598
2417
7633
15424
7418
6142
1213
10011
4420
1476
8688
1132
6465
10174
21268
1666
1667
6153
6526
6773
2529
5800
1479
13834
7710
8296
11446
6152
15699
8551
6082
21446
15633
6589
5253
6007
7212
11713
2310
1439
3392
11630
25203
15715
6842
3047
2685
1884
13909
17775
14840
8702
8996
2334
1382
1891
2124
10185
11516
5064
6728
3097
10339
1172
6733
6551
1937
9610
13308
5579
15528
13078
5030
3210
4010
13250
8614
7000
9436
8411
2749
1720
4098
1834
10884
11199
1426
18798
8972
12897
6804
8179
14854
5418
16840
4138
7242
4386
10287
11757
13191
22062
13499
3022
4318
5481
4931
5332
1303
3345
1047
14159
18636
13782
8077
3160
4214
20247
14574
2156
5438
6232
17487
1183
19864
4677
3242
14901
18817
7050
3296
10121
8018
3957
7575
19597
7677
14120
7331
2147
6571
4738
13320
1025
11045
2380
8926
4093
11097
20116
12555
23423
16334
5610
1941
9347
9053
19711
2652
5130
3295
8505
14883
16307
8195
1159
7230
5115
10204
7619
3860
3396
5567
8702
1163
2195
8393
14146
4356
17312
11056
1700
4495
20102
3485
9717
1735
1435
20493
8929
15173
16750
5198
5453
3428
8897
8347
9588
19506
27433
13341
2922
25247
18026
11355
19695
1453
9331
3553
7722
6796
9669
4253
11294
12096
5275
6890
3824
10307
15255
10517
7570
4492
12947
1015
5545
1881
2429
5223
2844
11280
21736
10927
14378
2189
3687
3592
8822
20772
2592
1009
11126
7880
18207
7790
8485
13608
1819
9269
3372
1132
1229
1154
7296
22418
18631
5514
11015
14849
9772
9274
3884
8806
10683
4984
1483
7855
17857
6230
18941
9810
1510
1244
2027
2798
1877
1681
1729
8234
3119
5129
5619
2343
5113
1447
1448
6344
9731
15822
15827
3806
11401
14333
8204
2743
4849
10353
10947
3442
2424
2263
1430
2437
2014
2083
1926
4794
1764
11508
8003
20854
6354
1639
7108
2549
19715
1204
8612
8842
3276
2179
11380
13909
17035
15732
2384
12017
5859
1347
1339
1347
1200
1225
7350
17474
15048
7766
3973
16291
4357
10479
1552
3138
20504
7852
15139
17614
5786
14240
17342
6406
8160
2633
15152
7860
8970
3303
5484
6108
10202
3608
11230
18047
8748
8370
21185
3059
10064
15284
9371
9613
6446
10908
14287
2099
5311
23194
9242
15352
3870
9417
15314
1406
14540
10918
6689
6329
4993
1543
6448
6458
1168
12841
3124
16426
2243
2387
22258
2438
7088
22318
12567
2312
7428
7046
1267
1299
1177
1346
1312
1790
7230
5969
5173
18043
3794
1476
2614
6696
10120
2541
22738
14008
3095
3877
18924
9411
13759
15966
15282
3889
1619
3281
1684
2273
17614
6729
9279
31310
1250
1194
9154
2562
6947
8641
7320
8842
19988
19064
31073
16785
2354
26499
10699
2779
13172
17091
10090
7135
13631
8346
6681
12272
8064
14745
8251
9443
14833
12368
10236
2401
1773
2121
2186
3759
15752
3594
1018
5952
5120
13216
20706
7260
14277
3872
7610
22412
9424
5213
3065
17187
5228
1055
9679
1925
4301
4024
4841
2045
14191
1005
11138
1236
2452
4040
5224
8795
13174
2662
4206
6115
4467
18454
2672
13271
2663
1123
10940
6610
13833
11073
17512
8940
1701
3721
3211
5207
8030
7395
10809
19341
1733
4636
1161
4452
18958
4217
1612
19718
4070
9796
3614
5465
4723
2647
2668
2587
2630
2302
7088
23069
10206
1187
2202
13983
3883
14225
5649
9917
2590
7387
5262
16329
3247
10725
9264
16257
15297
25958
2810
1428
2014
12883
15900
11855
1736
5135
1996
5352
5812
2730
2777
8983
5517
4580
7748
12493
9015
10576
6307
9622
6757
1666
1685
5469
5523
7990
4355
16744
9801
1591
4798
8713
6944
6129
4065
3180
15159
19676
5495
15865
2018
1369
17106
13424
1029
5216
11213
1607
12051
6703
3423
27420
7582
3168
21424
3205
3253
7858
12373
2318
3565
7315
3268
2017
23212
6288
6982
9886
3005
4031
15759
1978
13975
3522
7757
24000
8439
1661
12425
2589
2997
15580
15141
9264
14906
2969
3736
14314
1882
12699
19612
14035
20250
2371
3659
6543
13893
1503
13594
14719
7444
14611
24882
5911
7064
7644
1926
10987
18647
10104
7179
12903
7897
16548
3352
6506
2011
8816
4311
8936
8872
9877
17858
2585
8357
1334
4688
9465
13181
4726
19458
5236
12129
2916
13998
19524
1828
1858
1539
23164
2975
4214
16076
27641
19282
4829
8083
5597
9232
2490
3223
15849
11138
6986
4073
6252
22369
15912
14790
19960
19538
1689
1935
9624
6019
20770
19005
3450
4525
11437
1668
1369
13650
5247
14595
7453
18070
9342
5327
4471
11853
8061
14380
1014
2110
1349
11325
10421
4964
14820
6294
12105
16387
5777
16708
3124
3065
3050
2108
18159
1702
16861
16316
15075
5492
5428
4390
12812
1157
1627
1437
2687
14215
9582
11721
8502
1610
6636
10746
4227
10853
4946
3617
1244
10997
18848
3185
3371
9287
13315
16539
5217
2248
2137
11922
3518
19101
3710
2798
12674
1176
17019
2753
5134
12133
2399
2497
6591
1593
1106
4315
16555
2390
2439
1614
4477
4921
22287
9827
2155
7223
13834
7164
13634
6761
4092
17760
15054
6488
1670
1432
11523
7188
9863
1257
15550
9049
2985
2618
16487
7862
2913
11351
3800
17852
1642
14207
1753
12344
4071
5460
13942
7456
18907
10850
4996
6897
12174
13593
2115
4777
17221
8763
1051
7580
4571
5865
3425
10180
16982
11028
13838
4046
2190
15181
3273
1929
9820
5979
5623
8391
2030
2038
2405
1577
1455
6916
7746
2560
4407
1264
19480
1492
10583
7099
4128
10584
21287
4518
8055
6231
23258
11126
1217
5553
4458
20821
3284
2116
2159
14202
1084
1339
27916
17430
13610
10722
7019
1469
1403
21989
22290
23767
18327
8298
4644
2173
8930
10453
9496
18690
2912
4573
9850
9483
2963
6653
4619
5645
15174
2338
17785
7702
10906
2001
15335
1562
11589
12193
2581
18162
1036
1780
13143
12533
8205
9370
7470
19010
3642
2220
2222
2240
1928
5123
1657
3180
10414
2344
2658
5016
4686
4754
23021
9419
6351
14131
12940
14249
2163
2157
2157
2146
4792
3970
19171
9487
7462
2135
1187
22541
4829
5072
11816
8827
19606
15735
4087
8579
8862
4471
3547
17453
3612
9739
18212
7924
22805
1213
2815
10840
8233
2949
3737
2341
2109
2156
1627
2776
1250
1465
1925
2109
19250
6497
17069
11358
10943
8363
11170
10529
2099
17166
2288
5929
13964
3855
8198
13242
1057
3506
2223
10373
9900
10081
11457
18623
15698
2213
8341
18075
7610
4127
23033
5152
23900
1731
9219
2862
7775
20570
5217
3270
5837
11888
4536
1036
5994
19922
3042
12359
1661
3700
2341
15399
7581
4262
12836
1485
4639
12287
2307
4618
8714
2671
6824
18953
17805
4410
7645
6839
24411
15442
1809
16657
3481
10856
3051
19442
2426
3967
10680
10501
18974
3970
10351
14653
10169
15953
1666
23826
9841
17512
6162
2171
1477
1530
21921
2733
8813
2351
7819
12839
7838
5074
5753
19689
1149
10371
6324
7879
23455
1086
10961
4901
17083
13612
7053
23259
1978
3001
4193
10457
6760
3857
1818
17819
4007
1577
1654
2939
1018
1016
1136
1008
1017
1127
4294
1194
1350
4579
7691
2361
2334
2347
2369
2348
11206
6771
10912
18465
4610
16684
4288
1409
12424
13259
15111
19141
3398
3376
3428
9125
9856
3228
10107
1193
1380
1450
1821
1266
11755
1629
9472
11719
12785
2153
1559
2157
2492
2484
5138
12962
13430
21087
3079
16572
1551
6341
2877
9904
1711
25958
3782
1986
2836
1378
1529
2180
10420
10356
11494
11022
5628
7353
4132
1952
2127
2508
5257
13582
2316
8081
26246
16163
5761
6833
4977
7289
12423
5701
3468
8402
8157
13137
17660
6762
2494
16031
3677
2619
13294
9650
1236
1488
8744
24256
3458
4970
4975
3084
2623
2659
16801
2988
5773
5308
5558
1026
4143
9286
1696
20112
9737
22145
5121
9225
8695
6560
1784
3306
1431
3323
1486
15234
1872
9673
5212
2273
19747
14803
5524
7467
9555
2754
18012
8181
4684
1351
1942
3979
5901
24193
10512
11461
3757
1952
6934
1341
6964
3644
1284
5186
8642
4372
3635
4025
3715
3117
7811
8988
3979
4100
4058
2901
2525
2694
17668
5931
3949
4503
6645
10540
1303
2345
1300
6942
3909
4002
13135
5042
11311
8434
13094
1982
7551
3806
4315
13737
4198
10008
14551
1501
16113
12475
17776
1747
17446
7110
2141
8217
12042
13051
4951
8714
2516
1388
1504
1230
1196
16779
12182
13920
7300
2262
7530
9916
12429
8144
13402
9458
6847
7340
8382
2214
4161
2166
3314
3729
13483
17991
22980
1312
10259
2748
15841
24993
6871
1936
2766
6389
2525
7561
10348
1482
9162
1006
2328
22866
7141
5617
4606
9014
20975
16402
17005
16932
10519
3149
1661
2297
2396
2331
14999
4049
2768
18856
8243
1407
1520
2469
2651
13584
1247
19194
17302
17280
16177
6999
4316
6686
4618
20343
2338
2346
10513
11782
2341
9047
5868
3605
8411
9543
7461
6400
2897
9788
12439
1697
12876
2423
5694
9214
1561
6988
9227
1081
10901
5018
14298
12531
10245
5258
8391
17631
24372
7649
3437
5722
3736
24993
11825
19037
10966
1458
3036
17738
7117
4631
12601
2804
11602
24887
14476
26277
1160
18070
3970
5179
20153
11920
4373
5813
8380
8672
1386
9770
7568
10864
5774
1536
4286
3889
20838
3031
6728
9521
11128
1900
5736
16623
4848
11510
14278
3348
5416
5211
11701
7352
14709
2102
2098
2034
2097
2104
4764
3985
8241
15529
3437
12938
1544
8212
1806
23154
23693
2135
5735
1560
1740
1286
3347
9660
4442
1422
10095
10740
3577
5310
14423
12294
7524
6552
7254
7546
7615
17866
3646
1152
1643
4280
6369
10014
1546
20715
3574
6116
7384
1298
10658
18574
11342
5173
2029
2138
9305
15260
12251
13288
21629
2471
18826
17393
7791
19777
2234
2227
6643
6760
6316
13177
3800
3916
7991
7693
8338
9435
3836
4358
4061
19749
10387
8289
20591
4436
10333
4316
7062
1409
1314
1326
1371
19670
2122
4153
7344
5228
5953
2879
7202
14080
3463
6028
3603
5589
14089
1730
15368
18097
17253
18296
13734
18095
2100
1961
23621
7071
18227
2481
3063
4761
4304
14843
1951
19280
16623
3626
4237
33989
5253
5366
3355
15052
6636
7166
18481
1272
2906
4879
14213
7813
8730
14378
3211
10410
21189
2242
19023
13147
3947
3564
11177
6484
6003
2067
14784
6444
4398
9028
8442
3145
7182
10899
10153
5868
25013
13636
4446
3384
5423
6493
13818
17026
3405
4725
9933
6929
3123
14574
2821
2851
10977
5877
14462
1653
6670
2827
6831
6041
2860
8654
5849
3879
10906
11995
1782
6775
8868
10086
7772
8541
11990
8639
7146
11663
5278
6889
6698
4516
1992
3897
7793
2999
8926
7325
12302
3988
5033
1092
3378
8047
2031
8650
13426
2458
5187
7254
11303
11082
8331
2207
3565
1395
5437
3170
4759
6025
19642
13006
10490
2839
6734
9229
1434
17931
8777
5736
12299
11147
14076
8653
1474
1596
5793
1058
2019
10879
3935
16369
2999
25658
20681
4587
2919
16226
4987
20298
5406
7974
5573
2643
8610
3805
23367
3654
21162
2466
2513
2494
2507
6583
1516
26134
1802
6807
11755
3370
1217
1215
1193
1204
1215
1210
1208
10613
1464
2419
2173
2737
2752
2829
9624
13179
16223
1033
8124
2866
6350
16407
1188
2242
2177
2229
1296
17688
15191
19043
3465
3261
7513
5468
33574
17474
5620
2819
18449
5649
16794
20481
16596
17839
5197
8286
13497
15026
9301
3561
2265
11672
3632
10113
7399
22136
8253
11971
4004
21769
6234
14006
32535
7950
4140
4093
14690
10662
25078
4710
1200
4816
16971
3456
4120
6046
19206
2863
19712
19735
13249
1243
1200
1176
2964
5319
13633
9356
15633
10222
2679
6651
10265
8787
3876
8567
1958
1406
6151
10382
4703
12535
3471
3018
10582
2200
2256
2243
2322
13241
10556
13628
5362
4140
10567
9903
1586
1282
15014
9549
10676
13569
10102
14860
7141
9596
11439
9393
5767
4794
7048
2071
13539
5725
7551
13957
2835
8706
2649
21034
4065
16497
10487
13843
5227
9584
23290
9160
9015
10673
19810
1576
3327
18512
8112
19286
8773
30080
11619
13142
10824
1535
1501
2316
8922
17594
3587
2913
3720
5988
3717
3938
5406
12262
6678
22956
24144
8653
6216
5158
20118
2343
6118
9316
1642
1351
4237
4413
4425
6257
3089
16270
12846
2211
3656
15912
2677
6315
20729
6848
7104
18490
2214
4358
17365
9991
30404
2107
20318
12739
6660
18305
4349
17560
9710
7035
15745
23312
3068
28773
2745
15679
5055
4570
1506
9657
4084
8245
9916
14967
25796
12209
2182
2280
15994
15468
13825
19549
7868
2943
4671
8161
6022
1368
7587
9194
15268
26303
3789
10638
23383
2827
1102
2867
3744
5959
3620
9904
15155
11837
7932
2847
14351
9899
12585
19742
10858
2983
18155
15068
1162
10112
15280
16501
2294
2695
2711
7695
2030
5395
5164
3401
13822
1125
17823
16409
20597
2913
17558
10346
2981
3234
1293
2035
3836
6727
8797
21937
7076
1362
9929
4862
13532
19724
14997
10531
4731
5534
10604
8295
1589
13521
7825
11588
4844
1683
14226
11037
8637
1306
18029
14918
22252
9255
7950
6206
2486
2502
2016
21286
7488
10667
6789
9043
3117
8906
1290
12298
5651
2332
2797
17624
10484
12667
5155
4669
6807
4393
1934
1761
1811
1869
9293
1328
9910
18638
29311
17567
14206
17038
2188
17116
6877
1300
10575
1142
13652
4188
8853
13244
15014
4957
7452
2514
3873
12356
7121
4524
8366
8888
2091
2517
23710
12348
4820
17131
7304
7865
15542
1144
1924
28790
2981
12794
7410
2274
11075
9945
14586
21581
3254
5193
13203
14513
9820
12453
11074
2580
2570
2321
18848
25069
16674
19416
8574
2099
13196
11827
10252
4174
4878
7038
18647
6950
7220
12743
1184
5488
5653
22417
24501
4606
9988
2240
7298
9619
9878
2445
10659
17372
6541
4041
5198
2160
11848
13080
19381
10428
22400
6341
3788
18936
6368
6609
3507
3230
9462
9888
8026
6310
14377
8186
15965
8593
18844
5155
19216
11400
1755
4623
8540
6383
1802
24562
4534
1388
10557
17334
6087
2923
12902
7784
8666
18491
5960
5536
21684
8837
14740
21163
11481
19749
11269
12993
2797
18386
18339
5029
12869
9146
4467
5155
2780
8945
21313
6635
2518
3072
21283
16824
19829
3198
19631
23448
18139
17744
1635
2855
17489
8090
1730
11689
2043
2392
13877
4312
14547
2828
19044
2789
6827
1593
17820
14586
1498
18852
11581
1436
1533
1353
11498
25094
2379
5525
1653
1302
1241
1327
10040
11451
1095
6091
18098
15979
3924
28186
7530
15455
1270
24141
17898
3458
4108
25882
15402
7952
17283
6733
1538
3123
10213
25733
2475
10211
3494
14791
4480
20774
5717
11319
3069
1520
20747
3095
11759
6497
4446
2117
3573
1631
1524
17248
15804
11722
1580
13149
16920
2738
2389
15884
5674
12809
4743
4635
1600
3728
1726
2983
3447
3843
2750
7156
20780
14701
2615
6758
3669
3970
7797
14370
6703
6089
5890
8864
9223
10103
1719
6349
12511
8521
3431
3628
4110
1172
1068
1101
1128
1047
3362
3451
1824
9273
20631
8711
1813
14251
9570
2440
2979
3014
1474
1446
1481
9087
2323
5018
1896
5849
21842
13370
3982
4346
5752
2075
10137
16638
17821
9288
9882
22059
6029
5962
3264
10239
11828
2172
1154
2108
1208
1958
18066
22258
9174
12999
15603
10872
3709
5742
13777
6301
1551
1676
1135
9653
5272
1492
1396
1360
11185
7689
6031
13598
2265
1658
16734
13441
10588
13381
1517
6197
9460
7617
9805
2558
7157
1582
4659
13719
2340
7310
5961
16775
7109
1824
1676
24702
14874
1161
1528
1446
7015
1082
1046
10311
16793
2369
11300
19069
6523
12415
14073
4378
1010
7865
19732
3595
10317
11864
11430
4492
1146
20474
3648
14932
9740
9755
2590
2745
6512
10288
1085
20603
2274
6552
2246
22063
2191
13256
4492
20738
5170
1194
11735
12443
3955
5584
11446
32570
12005
12037
10924
19638
26258
11396
8367
6419
4992
5506
4145
7812
1691
19349
3095
3065
4720
25324
15355
12632
8563
1428
2429
16541
16419
1777
4534
7984
18393
11477
5875
10439
1416
2515
2464
4596
3320
1783
1738
2568
2576
12164
9882
15837
7558
8756
39464
1551
18640
12025
4373
4370
3138
2877
23038
4709
18728
3020
19862
3598
3242
7019
8538
16222
15297
11015
15074
17745
2910
3405
10206
7828
21825
2701
15757
7590
10173
3248
2392
2550
6817
2891
33693
4595
8254
1748
23714
18795
6315
9168
6932
9616
3362
2620
2580
5900
7389
17051
2760
19357
5341
21605
9323
16349
14236
13921
17530
9643
18494
9131
5155
2455
2111
3377
5482
4362
2893
16791
5446
3522
13771
2736
17484
13888
3046
1391
1400
14974
1824
21801
1527
3966
5011
5935
1547
1191
6061
9455
17008
10464
3343
2557
12702
7401
21915
4430
20708
2393
3103
2843
23374
24618
10641
7221
5543
3712
1357
8865
4445
9764
19597
17789
6176
18251
1483
13032
16470
9233
22988
4229
11727
7684
6337
8749
12044
21508
14515
1881
18807
8592
4342
2886
3868
3932
8938
10135
19470
7920
17348
3649
9389
8752
3391
25406
13113
15525
1097
5850
9100
6508
30421
5969
24010
1137
14898
3642
2989
12267
9762
17605
3963
3603
2318
3769
20592
12133
13885
14771
19205
28898
4536
11540
17222
7047
8617
6371
2669
2168
1963
1969
7509
12314
21320
17625
8210
4036
6817
8739
