61
45
2374
355
6
725
263
769
1759
239
359
225
64
23
5
99
32
13
31
67
9
6659
197
337
23
44
117
2729
233
1274
343
8
1617
319
10
15
499
13
2163
1373
1444
659
14
571
128
61
292
192
9682
203
234
418
110
170
144
4
365
130
4778
130
2225
1558
817
952
357
274
617
872
385
164
2
66
1543
4615
327
825
1167
242
55
9
317
350
11
236
248
749
480
36
1716
1221
239
564
459
328
1
513
12205
4200
1
758
1202
90
1258
280
178
68
147
138
594
3952
5
86
520
5601
441
348
2319
15
929
11765
1090
443
55
757
6351
4
134
68
48
2263
206
96
255
233
13
45
3806
1313
212
1063
78
69
23
894
231
144
244
351
4013
2
294
90
275
1128
2886
447
566
3
308
6
3535
328
31
1570
211
16398
65
33
621
152
273
65
444
257
3179
332
1348
222
467
90
106
4183
3312
200
3969
61
6590
67
271
315
327
5861
55
91
347
378
542
58
192
259
296
78
1659
72
121
63
64
270
342
256
264
10
694
102
453
112
2876
330
278
2161
303
447
158
204
135
272
26
10
260
399
9
2520
428
421
1576
5
5
136
1250
13
170
277
263
218
130
1445
546
525
32
10
177
315
87
71
197
2
403
4
70
324
6506
39
443
59
3238
106
114
122
224
550
13
178
440
325
294
183
534
13
1795
2
295
21
8433
61
185
2
10
304
114
406
1633
719
204
158
85
12
1171
292
196
52
169
327
58
199
183
213
600
389
402
349
90
222
522
15
265
204
159
597
2718
294
630
66
1639
340
819
526
392
2
99
14
181
69
280
190
542
52
13
313
12
1572
761
241
81
84
1073
260
884
248
88
88
907
96
1994
13
388
346
46
432
86
623
1004
319
1874
9117
480
242
325
120
6374
10
88
1848
338
649
8918
14
711
5308
377
80
87
314
86
2547
374
518
3037
934
1411
385
288
1
30
360
188
501
317
46
46
796
855
411
678
90
917
1177
226
94
13
2517
478
149
1371
41
99
3348
219
34
82
70
345
63
256
877
361
32
360
422
8
323
9
2701
91
222
357
15
1
1
361
168
2207
1150
554
4527
379
10
129
527
12609
394
615
116
241
467
6
300
673
239
128
539
286
43
742
512
385
607
1872
166
7863
9
312
220
350
386
385
117
577
424
462
233
57
252
272
82
81
255
378
90
7
11
6499
122
1660
165
3124
191
278
377
372
238
1621
2947
193
14
4512
2203
1
322
2893
643
167
385
357
830
14
6178
105
14
248
1040
9
633
276
2370
11
200
371
374
778
276
1594
4
4168
410
679
803
546
598
113
14
190
143
404
70
1161
12
340
170
194
109
24
292
452
15
6486
1009
346
11
1424
1597
68
213
2989
1130
229
187
184
255
180
66
2403
602
1236
3165
949
168
226
15627
302
178
305
251
205
300
6558
2
1853
2
1765
10
621
204
1388
14
160
706
642
1410
72
291
379
133
423
200
13
8
58
96
430
1127
1647
151
180
16102
14
296
2098
283
420
288
457
144
445
8
43
2694
808
530
11
10
190
4389
7
10
2
13
443
211
33
510
327
1396
285
92
351
2524
406
418
1811
14980
424
94
272
363
49
328
196
272
12
198
3727
343
315
15
121
454
678
42
65
39
207
52
5751
321
7
753
381
4514
429
273
477
162
69
356
117
37
4
170
3166
240
859
12509
374
5
1100
209
39
13
359
853
93
162
459
276
2540
11
1244
204
418
423
318
1282
475
61
2205
1124
320
204
781
74
88
58
16
340
228
259
62
77
1010
235
343
2145
142
218
50
11
87
380
1395
260
269
299
1210
994
5
357
802
1812
2
109
93
213
150
1271
61
51
8
5417
608
59
41
178
12
41
6
43
3
65
2
642
316
18
2
806
2866
3823
7
318
207
39
85
7513
453
154
805
306
1593
109
261
4980
6573
12
7089
345
3023
794
343
82
133
172
12980
719
12
738
848
6
6
3
214
126
50
254
43
820
1094
158
329
191
1339
1163
11
4655
3
170
91
5
43
8
7
419
3272
280
49
337
9
239
58
908
386
261
211
8
1
12
115
377
15
401
4028
13
345
2887
131
74
192
3524
368
35
126
1978
5021
7984
379
271
143
1513
301
278
275
230
379
2107
299
1706
568
13
5563
187
10
155
72
302
2837
37
256
219
329
393
46
323
1
67
4
2186
374
560
91
228
2169
2438
45
282
387
213
72
330
74
725
7
989
134
6
3978
265
15623
14
333
645
118
136
277
4790
347
2425
4733
442
122
12
564
229
142
64
57
198
359
57
3
13
360
5243
223
403
72
12
55
1334
819
495
261
100
4570
293
4000
4430
588
2050
104
395
13
1065
196
881
1040
259
34
254
4
4990
2
50
85
52
30
13
6
396
344
185
1134
835
92
58
265
729
33
4
272
6368
10
6194
416
52
369
627
64
91
135
3805
6
8518
1067
10
205
43
2891
99
1653
2401
1600
284
461
12
375
40
181
31
2915
356
457
225
12
159
7285
601
491
17
6
74
66
8
1343
209
14
261
5
863
4573
3367
55
2705
574
475
3
42
690
8234
7310
9
193
4
119
52
822
283
8168
227
67
2142
162
4184
1912
268
317
2
727
2
1151
40
3
2760
117
1246
557
135
470
373
317
1
213
641
7112
9
464
4
544
396
11
182
273
6408
1502
475
55
1846
122
143
8
87
67
1559
8623
936
418
106
1425
297
8
1057
1844
4333
2552
14
1276
57
1830
581
5
220
242
221
86
2
98
1644
56
6973
116
4
551
167
9
78
67
5
206
299
339
202
49
244
336
411
280
425
173
319
597
42
604
2723
51
278
4357
2914
163
5537
6471
5239
136
107
872
346
1292
377
338
327
372
2
11
7858
1485
61
60
10
40
115
76
221
278
983
2375
2293
438
274
333
54
649
11801
2087
425
80
204
123
3976
1512
343
38
189
596
16
4045
31
61
98
147
225
329
152
1066
2160
177
549
4227
407
9
1173
185
284
94
2339
403
35
116
7892
324
123
1101
281
3274
10230
98
85
10
45
380
6685
469
147
279
4582
641
85
5
226
1734
307
14
589
276
1
874
1003
250
761
836
99
73
31
542
631
4707
78
30
604
31
214
429
191
182
1231
1607
2
6668
113
9
120
132
3294
63
208
14
1988
3639
2111
332
220
49
134
5371
191
97
1375
281
267
185
94
807
1151
119
11
1147
10
64
637
238
1960
208
2615
9175
138
53
35
147
126
2150
77
9
20
51
1806
5714
11
7334
36
5
124
609
8724
90
4859
2263
1385
428
116
321
262
79
56
2170
73
357
10
332
421
155
6
298
259
42
6
2963
3
118
80
6
243
62
174
11
1906
17
375
794
7
13
53
2263
7126
2119
957
387
339
8
16
11
13
11
8
42
370
1537
258
150
350
8
6
2
63
27
437
1189
687
82
2548
185
160
6
507
6
87
241
364
297
51
184
263
324
6
11
184
14
288
3604
985
178
12
146
771
99
12
100
200
385
109
52
1451
144
13
1685
940
182
53
316
1821
6279
508
140
6
292
627
7209
3906
889
1502
71
90
16441
100
116
1850
78
570
153
30
114
581
430
135
136
86
37
42
1560
85
47
715
775
3057
65
101
1199
375
120
137
2165
50
378
3495
11
51
1462
552
4058
241
602
2937
1
15
50
50
994
150
571
2943
110
14
163
614
5763
51
316
112
39
336
258
1011
581
1830
51
11
8
70
74
1637
170
170
66
97
324
65
380
2052
4528
32
138
14
10215
2422
122
300
381
10492
76
167
5712
87
2967
13
88
163
1246
1
12712
13
361
4528
18
176
56
1038
6
176
190
541
43
130
7
496
7
7
106
42
11
8
428
2875
428
233
233
545
93
98
8
456
178
4479
193
528
2
14
16
5
141
270
902
16470
1655
14
477
2198
481
43
224
125
451
6933
122
14491
4903
7029
40
2102
102
10
167
358
376
1863
2035
122
227
875
4442
29
4
412
5
572
1635
32
179
3182
57
279
617
234
3332
1959
179
66
11
11
3094
12957
180
100
301
626
251
15
91
141
260
143
13
75
247
1204
347
127
5661
46
133
649
54
1991
528
41
176
60
3
586
185
14
1028
4
821
6
374
101
12
152
13
55
456
176
161
374
170
919
3269
117
491
13
130
175
264
167
9
407
650
171
86
2198
2295
47
74
728
161
890
9375
70
282
141
4041
2614
888
513
329
85
423
529
323
34
6357
3118
5502
2509
424
197
254
218
416
74
527
314
241
2813
3192
121
15
2594
7825
4
992
4415
483
70
5
100
15
35
4
8181
187
963
14302
39
3744
358
126
1729
309
60
279
3390
236
4163
128
13
613
9
6
651
4595
242
7
319
48
215
119
1
1028
15
240
805
85
2767
142
15
305
307
52
118
390
431
5
18
794
67
355
115
164
181
3582
862
2280
1555
314
49
227
405
1520
405
350
1217
293
282
6228
928
4351
862
4432
1
7734
26
1177
344
52
344
97
2
151
2728
2314
1290
12596
2
475
40
13
10
302
7
1608
1633
2066
99
1511
80
227
241
14
1088
375
79
391
452
1146
77
1136
10
232
3572
325
15
10
3
5066
1107
5169
1006
126
129
111
12
2
4107
1040
51
37
3417
1363
5262
311
48
1745
6676
78
4
118
13
2
191
587
248
181
1157
6
604
1
248
110
3672
464
7
9
7
68
10
7492
40
11
4309
51
309
48
3099
14
49
94
508
2306
248
11
251
90
1584
331
15
95
169
41
38
534
272
104
74
1230
5
897
10
813
345
5964
221
194
11102
329
29
52
99
7
1156
114
48
23
1045
190
52
360
101
70
124
776
284
13
12
480
587
451
203
358
5
50
281
39
35
1186
39
54
171
367
5
39
1249
9
9
123
219
916
979
79
80
86
528
217
229
57
2466
704
188
41
11466
2
4150
3537
225
263
1730
1860
628
98
7
112
185
7
79
8364
1055
125
4544
96
72
2876
60
2338
167
13
15
270
2053
51
13
90
89
88
354
132
58
2556
9
8852
169
244
1
68
57
23
207
41
22
89
2599
857
9
80
2266
343
110
1
160
7404
2810
4144
286
6
9365
612
156
12
271
22954
116
301
109
12
4127
53
38
71
11
746
1295
91
81
50
8
41
205
144
108
241
1684
4996
346
252
44
100
8
647
655
15
1739
298
149
4389
2981
61
7
162
217
13
52
90
2
2959
120
899
1613
7
13
15
2640
74
12
74
292
605
56
99
3020
728
145
166
138
244
191
6
6
10
254
338
385
10
22616
1200
37
13
9963
82
161
19741
645
64
252
266
115
98
1664
8378
51
55
191
13210
5
8
4129
134
219
123
112
18
10
687
15
5947
116
284
233
3
4
267
4655
20
272
217
200
11
14
2856
163
57
166
589
5
493
104
2
7
62
44
1700
46
897
580
628
252
791
132
56
365
109
180
93
165
1320
51
348
474
489
111
112
73
77
39
8
171
13
246
3275
378
357
426
11
561
67
457
39
8
2113
208
47
3341
61
4
41
210
41
124
70
468
5036
8
6552
504
463
269
63
207
16302
79
518
3850
198
96
89
1
4
9
6324
500
2855
443
35
88
117
255
196
4955
666
432
234
216
549
912
4
1689
132
570
2247
70
40
971
337
71
305
4713
73
181
194
8200
325
201
744
2361
4
485
431
13627
2
1075
283
21193
55
7
3392
2400
220
114
14129
10
202
118
14
115
665
40
784
10
82
84
987
137
34
14332
204
242
416
10602
123
721
322
5846
69
332
151
64
430
63
68
1292
90
73
3
12
1302
10584
65
62
39
5093
353
70
238
2492
205
187
2643
194
2222
399
1257
340
154
375
300
43
5528
47
172
74
2
638
4984
7996
29
2451
223
6744
6506
1694
209
62
10
265
199
209
70
87
135
342
3243
39
47
15
23
321
299
325
663
400
426
1393
808
48
1342
4757
4
134
550
40
1054
11
232
117
2161
1608
67
5169
575
228
208
8
205
64
200
539
1400
59
58
678
437
79
1293
71
1434
246
18
6
9
123
539
1188
6
12
2
250
229
682
9529
443
9235
494
91
138
83
269
130
2492
190
123
3
124
191
15
1649
13
1916
10
837
139
3
252
1259
71
304
150
350
350
261
65
29
306
652
172
3736
2234
423
9
111
37
1102
85
8
1148
2
13736
79
6885
204
400
40
6
412
275
238
44
90
634
2038
372
158
84
107
49
430
29
64
47
621
98
706
121
291
138
271
10
341
2596
4870
381
9
303
103
5092
2
8
28
8
53
364
9
57
445
69
262
1559
96
5
2999
400
45
801
220
80
1359
1433
202
13
1726
3106
8
491
170
447
111
4271
193
2380
50
1198
11
340
268
1732
143
129
73
7
140
88
193
100
28
2511
560
47
2920
390
1036
234
93
162
36
10
4611
2826
293
1148
349
82
13
8
8
230
2438
418
107
68
2648
124
43
389
93
250
4349
474
14
340
235
11
349
392
773
10
76
110
336
5026
729
1451
2
50
11
10
14
492
172
1493
1443
257
252
1173
1312
49
452
174
2535
276
73
292
200
3720
53
515
42
85
71
127
722
29
42
9
242
397
106
319
14
130
4906
28
91
1273
263
218
48
31
389
270
1700
212
2064
100
6484
133
64
557
92
170
245
2
72
73
12
187
105
268
199
1488
574
60
1331
78
214
303
6
519
588
3132
12
5236
2614
219
46
11
121
36
5896
1
3032
217
69
724
71
6
8129
684
300
192
422
112
229
417
57
3215
1303
345
876
12
4075
83
4
3020
143
15
2786
451
761
1180
386
87
686
619
2485
117
64
805
339
7064
6
549
10
2305
112
162
85
11
98
11
9
101
128
292
450
235
216
1383
3
7
15
367
66
570
1697
131
351
66
252
964
498
2626
604
631
333
3191
131
7
643
115
55
1989
128
38
361
11
256
99
86
128
7
40
3223
851
484
352
4
207
175
126
124
77
91
59
92
6182
108
8896
3838
1573
1414
46
157
151
36
6572
222
281
55
84
395
89
1
8
190
7
56
2527
580
1
90
1988
2653
5379
183
53
4
6755
10
1586
90
5324
15
543
50
1818
374
300
1129
4225
1560
189
1678
452
6
63
6
380
3245
971
2
40
25
927
33
397
65
771
738
668
8
231
223
3396
140
2069
93
1037
1109
170
86
1021
3
8
6105
984
39
614
3688
110
3
353
742
54
275
1760
7
94
89
214
66
1952
632
212
200
262
427
697
52
11
98
55
43
61
1513
445
13
529
141
101
5
11
6166
225
4680
246
290
114
252
68
14
58
5776
37
110
211
294
700
288
4983
212
473
365
2622
155
764
398
13131
313
52
3
8
10457
1665
10
1162
706
134
59
126
9
689
4262
13
47
219
36
187
279
4883
90
209
215
61
683
66
49
239
96
7
59
29
50
533
288
116
321
2103
14
57
14
8
571
613
129
15
4
393
670
1027
78
838
209
766
92
247
249
9
6
4157
1439
19
74
96
53
1239
53
77
177
1625
36
795
192
485
37
198
378
134
256
136
14740
312
2076
872
86
94
522
239
15
90
2210
238
8427
546
11
9
302
226
28
1166
4
157
61
121
243
269
6563
273
115
225
438
103
306
42
662
53
215
284
4046
230
4470
302
3552
89
390
4
424
284
88
286
364
257
171
88
13
668
286
255
5515
1884
128
8277
807
177
139
15
2122
12
68
5575
201
94
2006
4415
191
48
232
268
3359
253
66
14
215
127
6564
625
272
176
312
4093
2863
2608
254
109
3307
81
2
1
2
1
1407
285
3587
368
68
797
90
532
41
33
2480
789
5
58
5
2266
6
931
1119
263
491
58
322
10
327
351
45
45
1807
1516
6889
76
12
836
147
103
40
2568
264
61
388
378
129
66
806
887
69
79
1015
10
110
4084
54
77
4543
257
289
137
541
108
320
7
37
275
285
126
45
1916
217
53
15
68
60
149
85
495
108
951
15
225
26
2624
132
520
188
1058
3
74
79
123
323
206
32
286
589
593
89
593
137
795
53
79
1
150
5247
117
287
758
75
914
337
169
209
7
34
180
127
2524
142
101
6
94
3
66
106
2016
70
135
40
279
11
82
43
4825
337
2614
56
2273
537
3
189
196
89
222
309
311
3834
246
49
106
117
73
157
4588
4952
5
79
12
256
651
2017
47
126
170
252
286
4299
7
681
392
358
91
277
88
3
577
348
10
2
3650
424
280
458
4938
374
1455
10
2550
205
246
3691
37
1528
8
123
93
13
313
8
6106
8
58
260
10
1196
163
204
198
11
215
12
484
97
14
211
261
82
247
2006
3440
303
101
120
39
701
36
609
302
40
14
88
116
470
190
116
19
537
197
13
2299
163
3
341
177
2335
1190
7
12
5
3
12
150
7706
43
624
1136
121
2015
633
494
3269
191
12
58
3595
209
362
40
82
315
15
84
10
217
99
1257
13
147
149
9
309
10
264
60
132
2441
1613
13
4404
106
3373
186
849
44
3485
71
46
457
308
1959
4955
157
126
83
60
317
1643
8540
159
277
1218
62
62
558
66
12
2174
8
350
879
66
2121
12888
472
291
218
11
514
186
620
101
3997
56
46
2622
921
154
40
116
265
411
2041
44
79
95
388
286
474
1261
277
296
3966
6
516
1
2382
571
395
16
347
893
2427
549
5256
240
223
82
1748
2085
264
4038
302
831
4168
392
514
181
3468
496
529
2311
121
756
144
57
52
485
790
105
154
795
5769
82
50
1701
245
8
287
4084
11
59
13
86
1950
39
10
251
10
2020
337
5033
96
163
352
314
121
293
314
411
106
7
52
35
1099
137
211
36
166
202
106
394
200
2
242
256
278
5421
10
9
58
30
571
867
8
41
1690
4850
1385
237
9158
64
1424
127
1541
87
9
91
1
81
181
13
1667
432
98
9
172
110
1445
904
182
150
2610
24
1502
97
10
150
32
224
1286
277
991
1677
204
88
52
88
2
1208
1129
119
2068
179
2
9
111
37
12
12
2615
323
6975
55
51
8
79
152
57
6
90
356
154
9999
69
180
174
69
469
1731
1448
1521
629
1101
364
132
9
439
146
103
11
246
165
134
12
82
475
15
42
727
229
149
8
39
144
380
376
183
205
11
66
8
145
4823
84
1016
735
285
76
338
2020
60
255
60
103
6543
52
155
10
723
394
379
47
42
43
1313
541
10
4242
394
14
3
3
6
59
435
1518
206
882
907
342
47
4554
219
102
384
3636
167
37
294
173
1621
250
478
187
1541
638
294
1
882
6205
103
189
318
340
13
15
56
105
2419
102
9
3649
1574
172
92
9
556
52
405
1338
224
58
162
355
271
289
830
55
491
3518
78
7712
2093
5938
48
77
1079
328
45
583
74
116
233
3772
79
3656
685
1264
43
2
352
1779
169
2774
13
9
714
91
1270
75
94
198
75
309
340
4
7
102
15
37
51
121
312
302
7
971
4
77
89
1585
5370
41
8
140
4
72
50
4
119
308
96
34
39
2520
388
1226
8
548
368
903
1681
76
62
4598
1430
15
35
11
201
32
3642
130
337
399
264
3545
180
10
2389
2794
279
52
321
1129
2080
41
86
365
3
6096
90
800
8
384
3
75
246
49
5
3193
421
204
218
15
848
39
13
3523
1901
750
2406
11
37
392
245
215
11
3704
5467
87
246
76
1223
181
2536
9
9
9
15
398
520
446
1680
228
5275
121
110
959
5
37
4
8
94
126
707
5359
1643
64
418
396
3965
1349
3063
205
331
3340
466
366
351
39
625
13
780
81
1555
11
44
423
55
9
54
206
12
1322
4666
9
9
74
328
358
418
22
42
62
57
62
577
356
7
215
87
84
144
315
621
257
443
1089
211
829
5988
1133
65
20
75
6
2401
13
203
1
275
7886
147
10111
14
406
2550
362
1471
9
307
63
157
413
678
236
181
242
3370
12
7851
137
71
1029
56
154
297
384
12
13
3091
100
8876
5
1182
15
5953
103
14
467
153
159
395
197
32
70
313
836
49
680
46
69
1008
9
12
108
5417
155
1
68
14
385
1456
307
361
53
700
346
451
268
371
50
616
3133
7184
8
630
45
3008
34
353
5908
270
74
271
7698
11
108
5
213
345
397
1
4166
70
164
25
3112
131
67
7
61
916
10
763
515
125
320
13
313
53
172
75
94
456
1160
300
88
78
320
2221
84
350
786
6173
308
61
450
669
214
6682
74
159
2111
6
65
15
204
99
9
147
16159
103
157
73
1538
712
76
2927
433
568
64
86
15
243
392
231
2813
529
15
399
351
23
1247
1764
194
117
329
9
72
66
101
215
82
2008
51
308
11
1
649
92
180
85
12
11
5
3808
1694
69
8
319
6
48
84
352
121
167
6
165
1973
1225
268
289
2283
81
13
9
93
296
13
9
346
2064
5
56
67
80
199
450
1985
12401
4606
572
389
9
378
324
109
1382
846
237
2017
1979
527
330
4192
41
308
229
175
10
14
1010
239
10
2976
2382
5
10
141
359
10
15
4453
155
121
1048
215
955
300
288
1008
10
366
45
445
241
876
193
419
254
1909
163
14
12
10
105
7
244
2
10
48
4273
182
641
8012
6
437
13
2
160
1830
307
245
1424
190
8
324
782
596
11723
39
2429
508
33
290
272
285
139
566
230
12216
12
2976
670
88
467
737
3670
2664
106
2715
47
78
480
1252
104
9
123
171
1182
38
520
92
10
365
2744
9
14
9
722
8533
1351
5399
15
257
12
471
76
221
51
2031
33
97
185
10
14
7
390
1723
781
185
4087
1140
331
362
623
3443
51
231
685
445
116
80
12
212
63
690
15
150
12
426
8525
9170
109
2666
1182
11
274
14
172
73
233
292
6527
384
4
401
292
2
4482
326
582
141
225
85
11
75
236
3
637
119
14
1039
931
810
2109
3744
1646
606
70
12
131
2748
1197
310
10
12
32
6
4
4
9
667
533
442
223
169
371
343
1704
1793
75
684
102
969
47
1659
89
113
222
138
377
384
2367
1456
2794
12949
159
313
109
8806
320
1364
2666
330
598
26
149
24
189
72
585
457
11
331
772
4345
375
406
1594
5
49
2352
268
4757
4
167
11
67
102
5
46
391
15
4
3
179
197
90
5
429
265
112
311
15
45
108
2755
8637
114
10
139
11
947
47
324
1306
135
2803
229
343
221
3577
125
1083
3111
991
130
1747
77
639
56
350
11738
132
43
45
6002
3
476
1235
12
67
2158
9
84
208
3865
238
33
79
798
438
442
178
15
68
43
111
1473
15
362
930
1928
178
252
68
336
221
173
362
717
7
66
7
6
304
152
1837
7
188
14
432
441
312
13
81
309
349
649
12
235
292
13
47
3788
3369
47
36
166
82
367
114
12
83
5
1
499
15
329
1607
2
9
2
7
3
11
61
13
1771
10
10
138
783
58
279
12
40
318
303
1186
1209
48
225
348
99
374
850
389
138
98
1789
65
113
2993
427
6
102
5064
754
42
38
77
14
263
1
135
233
311
1746
48
967
76
2425
795
14241
40
7601
138
49
36
1058
3
123
352
2068
556
14
12
16685
201
62
264
5
3429
9273
64
15
2427
2100
2592
15
222
10474
365
757
62
324
3158
207
109
8
12
1379
60
89
344
137
223
92
3086
67
108
1123
11
1045
279
5617
141
5
5487
230
639
3
512
735
525
1278
509
1
4
58
312
310
238
7214
284
7655
455
253
599
100
54
265
104
529
1975
272
9
4897
289
379
66
1928
313
40
457
6055
774
21850
111
68
162
5
39
3221
13
1444
94
69
967
12
88
65
548
337
676
48
778
321
292
176
9631
1388
105
43
4
40
1825
313
952
5169
40
1073
8
10
427
125
291
3508
69
2798
551
2017
9581
538
14
4
43
11
113
106
374
374
9
257
51
86
550
100
1260
146
28
1269
65
1268
77
207
1635
133
46
9103
59
261
395
2321
2373
1777
24
671
11
1
589
418
292
96
260
60
50
57
3
14
4
90
7
19
1825
213
970
6326
41
1376
1883
51
212
431
80
13
67
97
101
12
47
198
2039
9
612
5
321
96
11
4201
1548
2457
1837
3470
469
343
7094
6
3669
2136
231
9
266
127
190
161
166
10
60
52
64
4
3
357
14
69
106
185
92
179
113
627
1461
12
526
89
55
43
8
52
136
268
4
1193
10
10
315
353
1280
346
192
420
58
14
2734
84
3
328
211
447
15
213
621
76
289
3248
552
198
110
2053
68
250
354
11
2249
6677
41
247
477
52
4121
14
454
63
119
425
520
87
51
282
219
380
455
1095
2233
422
249
51
148
3579
136
14046
2
3915
21
285
10
680
15
97
10
34
481
198
1610
4556
488
13
2922
330
194
237
237
56
13
1675
4928
70
35
872
373
362
36
611
209
416
208
440
2479
1774
12
233
284
2183
101
67
3043
663
385
9
35
11
5083
6072
2735
198
294
195
65
2021
1902
570
233
288
82
6494
113
718
1884
1
205
169
220
402
6
254
47
46
4932
2
111
399
138
563
87
424
348
2473
62
247
160
46
1278
2395
77
44
115
9
5
145
2449
230
96
154
107
1767
789
3479
774
2345
1595
305
2138
25585
249
309
1706
776
20
298
4293
1459
444
109
82
4
125
984
43
15
11212
1946
2210
60
95
276
230
541
73
7
434
1959
2101
81
52
365
68
54
46
2664
117
226
1
12
14
444
237
103
808
12
98
82
1000
14
12
1728
3
4
7
12
63
72
93
57
68
8
2774
13
5
13
374
14
527
108
96
319
219
63
1261
616
1796
107
6352
10
264
147
192
401
64
622
9881
1849
81
198
164
126
206
3
139
273
273
65
44
2
76
72
1115
422
289
2005
2871
169
70
32
463
263
887
208
14
49
51
242
892
706
109
51
806
175
284
9635
355
3308
325
65
274
6023
82
11
75
129
8
257
2
780
386
11
150
326
1901
2474
356
4854
59
442
1560
202
102
5
2440
498
529
140
11
1351
14
445
1
230
13
4059
2
13
492
5
40
2520
1656
422
2
181
398
6100
225
4820
296
361
8
227
1163
5
1037
33
327
1643
1252
15
169
41
10
442
2910
44
11
1200
15
6270
13
3155
334
230
1075
335
788
2448
7
18
53
8
10013
109
695
1104
216
216
58
184
5857
413
3336
5996
115
29
165
388
679
54
288
123
248
1559
13
4
485
239
223
191
1957
82
41
78
8
64
11
2167
11
14
910
138
12
198
180
54
14
12
1247
13
45
317
9
445
118
848
322
285
253
97
8
75
1059
97
48
88
1514
13
241
120
356
311
196
36
64
77
2367
162
1643
134
14
562
311
2123
185
147
45
2505
2236
226
58
2238
192
15
2179
41
115
6
81
92
240
255
66
14
63
12151
60
1515
775
5590
900
5
145
729
1568
11
147
352
71
193
2617
173
68
110
229
1400
353
3507
2524
69
338
82
326
882
278
37
377
199
1374
12
5915
93
312
135
891
87
12
64
183
15
552
2274
1532
1946
229
10
143
31
15231
203
2073
14
626
240
92
60
76
815
61
410
72
317
1473
5801
466
377
56
411
51
79
47
4
284
15
3572
1248
279
822
2580
132
2525
326
166
232
12
1069
1911
15
57
677
382
416
3
352
770
277
7
436
767
70
8
5193
133
147
1779
55
99
109
360
366
92
654
10
255
15
307
2506
2018
9
31
39
639
80
7
7
87
1145
2399
1
35
42
2168
382
8918
1387
233
280
11
3
77
209
2795
4
104
5147
274
9
40
44
105
13
79
3495
157
368
2467
344
398
278
5003
270
81
8962
2844
5
506
11
5181
122
132
139
130
373
432
14
8298
146
26016
142
1283
3775
117
5
47
67
53
136
171
4
272
585
77
1366
89
61
816
11
1622
117
24
2733
190
12
1
41
13
1
14
2368
499
343
235
327
97
62
297
1722
11
149
358
76
55
61
2249
1117
257
84
4433
51
10
8
13
375
517
1869
101
14
123
5
70
9
1382
56
955
244
6
58
63
49
42
574
416
191
375
72
5
734
15
71
192
68
249
218
176
1705
340
2740
722
230
263
2
30
493
10
51
52
88
191
10
143
279
8
128
163
874
25
53
94
140
185
435
472
2283
341
3973
274
82
38
6644
3
6
5057
7
4428
345
129
158
539
215
45
146
230
92
413
3090
720
4040
5072
323
57
29
4416
2
71
170
5
1
1634
2159
387
777
7
6
233
79
2
316
113
2509
9
1360
158
1
11
44
629
115
922
115
997
173
260
54
4071
240
2904
44
10647
82
3697
246
208
431
3192
130
245
41
578
253
3102
8351
1140
50
7
12
7
140
362
244
252
217
255
620
3
3465
150
2
980
4687
542
334
32
214
139
2
5
91
70
376
250
352
267
75
1888
36
1355
422
68
108
282
71
431
261
432
421
5054
182
3810
562
62
12
266
859
363
3285
342
1264
2512
5715
144
364
6757
798
11197
13
11
10
33
13
3649
311
15
1305
14
2481
179
164
1114
70
4783
8639
6
505
450
2476
2887
716
711
1560
85
48
5970
833
11
2
14
3972
12671
96
117
315
12
12
126
1319
298
563
303
446
214
177
311
5
127
10
4916
4448
60
909
811
2301
742
4511
1527
14
117
81
5
8561
232
1231
412
1946
10
4
364
357
262
47
10
246
55
557
14
374
1
58
8
309
779
105
1423
40
631
155
172
540
5573
4087
149
10
603
1
11
4
1169
695
311
646
4324
304
59
1915
930
163
570
476
5
12
589
678
580
10
255
10
88
84
451
129
277
7
49
3045
235
65
562
55
348
485
944
257
72
30
2621
1
64
304
44
478
7654
540
10
70
260
2
260
75
25
229
48
413
7
329
916
172
3941
6
697
756
4147
314
10
8
5130
6
228
196
725
1150
404
402
2
15
256
39
150
55
61
361
15
10
30
71
5
450
570
71
642
81
306
223
254
3339
283
2219
67
14
1045
1430
274
412
543
54
13
1
9
33
181
12
3359
9
14
187
404
42
1081
4411
326
1157
861
294
318
6
804
142
130
7
64
486
92
1027
425
268
455
47
2091
7
587
1627
129
4
2907
92
593
28
12
229
11
126
111
302
57
574
194
48
4711
59
37
485
134
160
109
451
8
61
5
296
53
199
195
331
1148
6646
116
151
219
1
4
5511
292
55
960
396
687
5504
6547
684
49
192
8
83
413
294
12
42
245
52
152
80
11
6
67
261
7667
40
446
336
196
85
1459
238
15
33
13
3
88
2253
126
117
424
135
2
307
45
309
1501
53
10
1573
2643
15
483
5
209
78
7
255
239
233
992
3114
94
381
8
40
56
70
4664
8
357
540
1007
119
9198
194
630
9
10
87
51
2
116
15
1223
253
425
4
204
200
454
266
165
347
69
555
3626
12
65
3
525
16
2645
92
8756
2179
14
10
3
15
100
1
1876
4152
5458
5026
149
10
376
481
862
120
14
9
10
1
1
72
477
132
74
3
133
2826
11
363
191
753
69
324
24
84
125
15
51
4566
3
3621
14
54
4145
72
5011
462
15
359
87
252
7
7
1104
5
11
1235
367
4367
247
8035
344
61
5
1029
138
4711
1559
36
426
1735
178
296
190
6
145
271
4686
742
7
295
10
13
5139
53
61
76
115
12
1
91
152
172
455
546
482
1815
442
4156
1499
6120
4
28
1
9
10
13
10618
113
199
381
934
600
43
14
10
4355
402
223
351
57
66
64
9740
3867
13
77
363
2910
1
242
363
326
404
438
914
15
1806
176
212
4775
1510
3
9
9874
2862
1401
293
10
464
298
3
534
13
9
348
2186
2375
12
317
14
1789
42
691
36
632
2138
63
259
314
297
14090
10
582
711
1686
743
304
1251
207
5318
314
2544
1345
31
209
1981
5383
13
279
65
6
313
409
297
318
123
703
8569
73
7268
347
591
601
2830
3122
742
3
68
44
411
11
260
6
259
1733
47
5
3512
17
2362
12613
97
197
84
925
1161
1125
279
195
158
112
462
300
253
884
3
396
345
161
15
2876
65
960
48
359
230
365
173
3324
370
4041
5583
41
51
256
55
791
366
2696
354
411
344
262
177
494
1056
323
153
209
56
5
168
527
1930
1561
208
12
1
6
1
508
261
242
2141
209
126
1719
3
7
10
15
4
8
10007
59
1512
336
146
163
92
5646
9
41
112
679
1234
699
1590
39
5
64
64
809
65
96
773
255
422
1021
333
279
315
6466
87
200
455
419
73
193
412
796
222
1534
331
170
2571
173
2186
301
10697
11
209
115
328
661
475
426
426
386
9608
556
567
6
14
2983
501
229
367
6
1
601
50
867
85
10
6
7
184
3
619
44
215
579
365
285
6
277
481
5585
678
9
169
58
82
6726
367
284
3
14
224
656
187
3364
397
247
244
10
1198
56
381
452
735
609
12
458
310
120
1464
620
187
219
620
295
399
107
124
279
705
56
4202
255
13
503
697
149
15
94
143
1721
3713
260
48
57
12
51
236
1111
5839
1
1
1758
66
98
9
146
3
470
1333
333
1353
54
594
384
54
7211
360
444
307
5215
748
913
78
779
12
222
72
1856
88
392
96
76
213
1209
29
960
425
6826
3
128
591
236
530
1404
221
8
288
75
188
211
2497
256
76
245
319
297
1320
13
228
11
10
11
230
116
522
190
27
522
13
373
211
192
15
1266
13
4
41
176
309
157
423
134
2342
5421
370
285
560
147
85
11
2279
89
314
12
52
373
12
3222
537
56
8905
722
6
391
470
26
5060
76
390
42
305
285
565
611
259
159
196
283
222
240
14
2574
4142
471
3
13429
271
180
1003
187
1088
253
80
231
100
3820
10
11
346
132
37
3228
4395
2583
585
522
522
9
106
224
314
101
489
366
334
87
69
5442
242
2466
2764
13
293
6
1885
270
11
14
7
298
521
331
4
6
356
4
33
92
66
263
150
391
173
2971
7
73
238
402
196
201
106
424
259
146
118
174
923
153
141
12
324
1529
237
633
39
90
1954
9264
13
374
33
35
749
131
519
461
390
327
173
175
235
81
1614
271
510
309
542
284
163
1127
1545
56
57
73
278
145
947
257
286
2038
225
12
196
2001
143
197
243
558
346
2154
90
2955
175
435
329
3837
698
275
272
465
78
4524
13
332
862
1087
119
102
36
350
1282
238
2636
697
283
398
43
15
2610
10
285
2746
120
202
274
441
9
13
87
128
1298
463
350
5181
389
243
1329
381
680
510
272
291
9
8
341
714
53
3132
482
221
396
229
449
4974
342
1037
1000
245
281
436
2348
6
351
303
5898
2435
341
1010
141
16313
489
281
352
754
38
1294
8
70
79
358
817
136
309
180
1693
294
1897
4076
3
250
1
2936
191
145
2033
85
10
1562
2821
284
131
125
263
81
66
290
199
790
3951
156
1675
326
168
216
12
119
301
103
923
2496
248
614
5388
83
1
293
193
104
375
139
687
464
795
1025
594
337
287
7
4494
215
348
20
277
146
310
563
202
1637
105
100
463
430
194
286
278
1327
6259
244
147
110
1413
4571
237
3220
14
1904
10
288
130
1
62
264
339
4403
261
844
89
107
2100
142
400
124
409
601
1508
1674
180
7
9
56
79
53
1146
12
921
443
1120
362
514
82
156
11
41
1
59
259
333
101
1010
179
82
1011
245
116
5
146
231
3476
303
258
1
556
1879
124
63
5
40
65
910
64
194
255
251
484
3555
409
36
13
5966
3476
336
78
2
7141
10
110
79
202
9
624
93
63
832
218
280
153
55
248
2110
114
108
155
819
1166
2491
310
70
116
1564
3617
11
299
624
133
3675
34
2
173
299
13
519
3933
12
188
10
272
342
185
91
12629
14
95
76
405
181
400
262
572
212
251
190
399
787
305
6
67
3181
321
220
10
15
561
96
146
3709
43
2434
4658
42
636
76
306
122
175
1153
7109
12
11
236
55
178
227
710
356
122
22
3873
492
845
725
2278
117
567
157
542
114
2128
11
108
272
3844
291
635
15
59
8
95
50
1
3706
565
1415
1505
825
343
209
157
6873
500
504
1177
8051
96
827
207
287
418
284
257
431
39
322
341
587
568
60
1514
126
505
4870
32
238
160
2809
71
958
233
166
176
1457
610
15
115
3861
302
50
308
232
229
3
51
1
14
332
343
169
216
209
228
254
1004
8355
316
3879
53
795
635
450
1276
1
14
432
168
324
150
412
447
148
580
122
109
904
1470
101
176
174
181
1763
374
565
679
3542
231
256
3804
324
247
283
829
259
871
43
3
388
259
257
275
349
669
320
270
265
288
3445
230
1808
270
36
1182
227
95
226
6119
419
452
255
78
509
337
7
212
79
94
6
221
1547
367
761
91
17135
18
446
99
58
76
1215
1161
378
261
397
744
183
83
7171
7495
259
175
929
4348
262
996
146
7
8605
252
281
326
162
384
1359
106
68
1227
397
3568
1104
6
6278
1705
316
121
136
6281
158
