5997
1520
14633
26853
13237
5321
22390
5103
13276
9853
20179
14092
2601
2610
2616
2693
2956
13740
2010
2004
4048
3298
12800
6341
21439
20932
19442
3288
10820
14563
7118
2798
7363
24515
4915
4429
4972
17947
18524
2248
2657
1776
19407
2030
18348
7443
2589
1913
3642
4391
14148
2845
7780
1724
13101
7463
13510
10837
8925
16012
7901
21829
2498
6580
0
19099
1412
1483
1403
1552
1452
1493
1404
30222
10138
3852
12395
4307
9172
12162
17650
1536
3941
13348
9091
18705
19336
5091
3755
10738
10028
11074
1923
1894
1896
1898
12367
2762
6227
18108
6862
20214
5607
1571
2627
12526
3509
5562
16328
2867
2878
16444
10186
8408
3515
2452
4328
8284
11684
14863
5385
19220
8402
14546
14724
32063
19359
9337
12966
16395
21147
8704
3330
3659
15191
1384
2794
3064
4422
7430
3368
0
14688
1698
17162
22680
3088
7679
9600
2098
5233
17729
3188
22931
5855
2261
16573
27485
5450
7440
13969
3033
1004
2959
8583
14641
7371
3229
12834
11872
1740
9809
1387
15245
12713
10145
15248
3088
4410
4765
0
9258
1790
3512
2560
9609
18799
18716
1930
19254
2023
7744
3765
2328
2527
3852
5277
4635
11327
19556
1815
0
14121
2688
7906
6326
7127
1519
12866
3425
21041
20968
8292
10983
20382
11031
10209
9325
1202
6107
8173
6116
3489
2448
11399
6632
20454
9819
3482
20378
12283
23275
7415
9321
2182
14153
12643
1595
9768
13861
14257
0
9763
6028
6253
4636
5803
7653
8759
2649
1969
1956
8678
15593
16622
1732
26945
13480
7724
15059
1855
3366
6590
20416
3138
1749
1744
16970
1695
2655
8659
10970
5139
25790
2042
3338
3851
3619
11421
11572
3326
8790
4113
9145
23345
7623
1241
29079
17618
3245
10461
22967
1116
1810
1802
4168
18455
2835
4133
20617
21175
7387
3516
3350
4767
0
22311
3085
3077
18783
19397
2165
8142
7949
22898
1359
6281
5026
6432
4700
4781
3788
7172
2389
2379
3416
2253
5363
5259
5226
5174
10134
12332
10053
1705
2265
8970
12937
8923
15981
2795
2804
11994
8787
10414
6717
4879
7706
11881
11417
19718
5077
3262
4147
4032
3454
7676
3991
4902
12738
4833
12679
7177
2225
3767
10760
9732
3484
2582
3647
1161
1425
0
0
8879
4826
21998
10805
10425
21238
2416
1374
6102
9143
15096
6131
1109
6678
27729
2111
3585
4055
4955
16576
1627
23991
1081
4851
2222
2248
2217
1681
2313
13995
6355
16789
2996
4014
4483
3737
4268
3937
5026
17020
5496
13236
30312
2379
11025
2626
1615
2305
15967
5216
5994
13753
7982
6715
8922
39623
2150
18963
3401
3914
5987
1939
24291
6217
4890
6071
21287
0
26113
27037
15143
13660
2905
35072
3659
3668
1087
1763
8176
3520
2735
2632
2631
2596
2610
2608
6399
15818
8077
2798
9287
15078
0
10697
11507
2301
5140
20264
22955
2597
10939
7707
4760
8065
3685
13592
14181
12797
5742
4905
12593
3733
11126
4720
7818
15001
11119
4043
18077
12607
25367
1204
2997
14958
11796
2801
3603
1117
0
1681
1677
1670
1668
2786
2579
15816
17550
18603
6721
6720
0
14550
1908
16983
26224
15860
14933
9651
6805
9576
11875
1289
6711
8605
8058
1950
1911
6538
6225
6206
2723
5210
8943
12595
2721
3870
1821
2085
19514
19523
8202
19209
2224
15815
11320
23185
14920
2056
6425
1918
6368
0
2360
3722
10570
19334
5062
8509
3115
2240
4551
4366
6615
7384
1045
4548
6591
13089
7469
4023
14672
0
3565
1294
2045
2031
2062
10216
2097
4808
4804
3040
10183
3930
6780
14262
7455
0
3024
2840
12328
17509
10795
15913
19728
4252
3321
7383
7335
4263
1302
1498
5629
11086
1588
7549
13097
12275
22056
17973
4751
17564
6304
12329
18956
19583
12985
2942
3322
3661
2103
7586
11661
3845
10986
21293
3870
24530
3609
19787
3163
15042
4158
1955
5323
4285
2177
11235
16319
7877
2689
12391
10137
5861
7129
7127
17170
5053
17897
14693
1142
8517
11078
12383
1703
1414
6003
5494
5566
13244
11888
2701
14844
6984
0
7411
14496
6275
1281
9171
4941
7452
21843
2567
9122
5019
17940
16284
14099
8689
1500
1496
0
10659
4734
4739
2696
11303
6592
6440
1335
18603
20690
3464
20611
16351
4683
3784
17666
8029
28319
1731
7119
17553
2620
5707
3240
1324
3015
1599
3788
18241
3193
3167
7862
2474
5797
4942
5633
4038
1569
14346
3576
12529
12199
7324
22682
9686
1422
3603
7955
2255
14914
2736
3160
3298
5213
3409
6044
1734
1952
1918
11720
10801
4739
24325
2710
4411
0
12694
18014
19405
13784
25088
1058
10685
9252
1040
3445
6555
18101
3661
4084
10599
5743
20783
13838
22084
17429
23556
15186
2637
11487
2132
2402
2402
10891
2322
11708
20378
13033
16014
18759
12113
6146
29617
8765
11741
9752
1406
12781
8522
1079
1746
7219
15687
3467
19337
25060
3729
3692
3681
3269
12383
7117
1881
10155
20132
12851
9415
36636
6728
2989
17350
20241
3270
4575
9299
20405
15507
8491
11438
2254
10544
3589
3115
11420
6562
12268
5072
24691
10304
1355
1342
1315
1428
1366
1378
1325
1313
1390
3574
8523
1281
1578
14501
8854
1937
9990
3708
4078
15442
6775
22281
10449
10616
4069
2667
13278
14636
9176
3835
14375
17614
2236
9221
5193
18949
8666
2520
4954
7100
3994
4922
25005
0
9598
1298
1317
11636
5998
18356
10823
5025
12412
6415
17164
19145
5887
17204
8155
4804
14809
5139
2525
5359
8088
2604
0
11947
16314
16666
2069
9912
19871
15422
10481
2824
17628
1687
13290
2689
14909
7822
19370
2550
19706
2710
3675
3692
3766
3702
1224
1153
1224
1833
1221
1225
1223
1221
1224
1222
1223
7979
6598
24594
24584
21303
22135
13532
11323
10597
7789
2096
16131
11692
7101
11100
24023
0
2679
10924
6677
3725
11443
11319
3807
9240
2710
12802
2160
20138
25450
10379
10837
5990
15019
12813
1513
1584
2802
20226
15602
23358
6231
7946
2734
20326
3527
13702
1249
8140
13812
21011
3396
3388
3844
7270
14018
1245
10199
5643
4046
16514
3802
4846
4853
5140
14922
9801
3328
2113
15403
6550
7780
5154
4500
4577
2815
3583
2490
12930
1798
2139
3152
3132
2728
0
16303
14989
15629
13269
12937
12159
7173
3518
3281
4185
17516
1865
0
18199
4810
15195
14799
1083
1779
1784
1777
0
0
1630
1630
1631
6253
1635
3534
40196
4177
4293
9351
15793
7062
6948
2286
12394
12861
20360
10334
7168
15259
13400
8384
0
12409
5297
7221
2047
2019
16641
11609
5775
1961
8927
21734
11679
5470
9110
6321
10371
19539
10719
1400
5037
7718
3389
2824
17062
13671
3230
5898
8913
2052
2061
2056
2056
9254
14748
2728
2738
20179
23495
3782
2871
9541
5078
3550
4993
2117
8459
3786
12380
18548
21107
6074
20234
2230
9392
1836
1830
1828
1835
13198
2709
12990
6449
7152
16525
1864
15884
8342
3530
7390
1673
3744
5294
2705
3660
2568
2089
10427
3652
5840
8556
1337
1589
25132
10293
3101
3052
16867
3614
17207
11554
19648
1143
7937
2499
2281
11536
8412
12971
1428
9158
2484
4481
8789
8601
19947
16463
19255
12446
4707
4538
2482
8762
1308
7393
3068
17510
13928
9164
4124
8804
30632
3440
4123
7016
11059
18552
13336
16733
2438
13693
7961
7064
1373
12946
1098
19235
7185
4015
7823
22529
4327
1408
9342
8494
8588
9933
10758
22520
3443
2591
4301
11505
4753
12576
0
4742
4676
4571
5444
7324
22727
13955
1791
8450
1681
1760
1535
7320
7145
24442
9276
10537
22262
13007
20643
1540
6287
7307
20905
15568
8767
15082
9075
2954
2966
1980
2558
4461
7248
16222
1565
6131
5170
7452
16559
16794
6337
4279
10491
2646
14448
19627
4661
9068
4306
9907
4121
15445
17567
0
9139
12752
2872
4705
7266
5044
15695
5721
8159
8488
31497
3887
17028
9794
15406
7570
7755
13590
0
1298
1296
1296
1299
1285
1294
13652
7914
2568
2575
3070
23169
0
1004
6108
2649
25959
11984
15973
2014
5354
1371
1723
2014
13621
27701
23968
9016
2579
20070
19802
2808
5250
3353
1620
1910
17512
34928
16922
13709
10845
3558
19295
9988
6627
11899
17206
4169
1715
7717
11432
4013
8171
6788
20606
10963
10591
3162
8772
3405
14124
3450
9007
10981
5312
8594
15551
0
28230
1089
3157
13534
14035
3503
1777
1758
11305
20200
5411
15634
18274
18523
17702
23810
11924
18326
1471
20069
11566
1817
13758
15560
20242
5420
5103
5109
17185
16261
9854
2101
1643
0
9840
1391
8342
7786
7059
3281
12542
6031
15205
8385
17508
9880
12205
6046
13137
6266
9363
4843
1112
0
5137
8009
10772
11470
16883
1515
15109
1572
3684
5591
15529
5126
32324
7323
3657
20161
12910
5276
17555
7501
16669
5083
15552
9917
9116
13088
3803
6462
6280
7389
3318
0
4487
2222
8812
7444
8566
14671
11632
3601
1089
17031
11623
12034
4371
14532
13321
2764
4719
0
1507
1251
12555
7385
4465
12395
8163
0
20764
14142
14769
5235
11729
3682
7733
8347
12664
24068
5080
6001
6494
20081
11550
19997
12414
9280
4991
25856
4599
19114
9460
11952
19104
12290
16407
20303
19284
1398
16090
4795
13931
1028
4650
1741
2286
2239
2242
1146
3713
2003
6915
12952
2323
3850
9150
2088
29741
16820
10206
17654
4515
12817
18626
3943
15122
3525
3391
3388
3373
8312
19981
11020
14073
6578
3885
13237
6772
1711
10682
12901
7834
21753
7694
3686
17867
14603
3302
8395
0
17222
15280
21333
1129
11452
20545
21217
19683
12486
0
1548
20416
2288
1754
14565
8539
1485
1493
1481
1488
1478
11737
1666
9665
1086
4760
8911
26043
3384
12443
11532
4710
7689
17239
9278
27630
2365
13338
15277
5797
6336
6326
1282
10557
9598
4272
1156
9176
16589
13422
10933
8038
1651
1633
1735
0
24995
19567
2740
21904
6726
4576
5177
16221
16477
15739
1910
7459
12262
3092
4395
4209
5045
22750
7397
4687
18484
1390
10296
14086
4738
0
3407
6654
23470
9064
12037
3065
3024
3033
1197
5383
2502
1852
10120
12867
16827
11834
3808
9609
4238
3615
6002
12179
8572
1371
19866
0
16549
1220
10002
12529
6683
4869
12808
4910
5006
11531
1946
4484
2955
13011
5571
7990
19079
8568
4422
11152
2336
8055
6162
9134
17401
9741
9477
3318
3885
19002
3016
4805
3213
2471
5816
6284
0
2913
2550
18993
12916
13302
18740
13114
6067
17563
9380
13461
10856
2922
12521
1063
6734
2053
8798
5974
11586
19564
10151
4190
3370
4728
0
10227
11630
17713
3110
18012
4171
8367
6617
3606
3800
8325
19299
10363
13943
2728
11863
13778
7225
12738
0
10201
5071
6044
6790
4514
21537
6038
10906
3833
8410
7506
14311
20016
5478
8176
3123
1342
1339
21057
14341
11349
19657
19665
1547
3911
14631
0
2294
2291
12924
1255
1248
1466
19830
0
15895
1086
3548
8993
16431
3822
8884
10142
9436
10412
3088
8371
25710
2559
18086
14602
2315
2014
10896
7703
18394
1159
17378
6253
10350
1614
1621
1661
26267
6190
1008
6367
8948
1099
9535
10291
13967
24473
2641
2624
2631
2649
17858
4099
0
7599
1655
26714
16361
8534
7886
2966
2223
18726
11228
6900
7165
2129
2107
5493
10651
25203
2011
1844
1854
1849
1851
1847
1838
1844
0
13034
8211
14147
6495
6053
15968
16903
3046
5638
9400
9359
7479
1558
18651
3278
3273
4190
7903
14943
10575
14173
11814
3706
4673
8256
4215
24834
3088
3168
8934
11798
7785
3092
5874
15034
21982
2301
2589
1387
2018
14859
3581
5613
18600
18899
8047
17264
3482
8423
10523
17463
1094
1360
1460
1646
4697
2045
12795
5580
11905
9267
19663
5403
21839
4188
29417
4529
9730
9033
14804
4408
4446
1621
12984
21879
34317
4306
1615
16975
20290
14254
10798
14169
0
6595
10773
5860
4983
22623
15873
3762
7190
23870
2542
3482
3793
9603
3921
1524
1564
11886
2180
2225
7371
7323
1139
16382
1952
1950
1020
17535
8764
8107
4542
3547
4941
9575
3938
8994
2807
11064
14282
2605
1243
2877
31278
9902
4126
2736
0
4177
16082
2107
3118
13690
6210
9321
3042
2460
10108
7816
2381
1761
1864
1772
1161
16703
2467
4569
1368
0
32240
6949
13729
12387
4429
18526
9024
10196
10569
18064
6026
9530
12393
17413
0
18207
17128
20470
2826
23456
2424
8713
2524
7139
10345
7198
6508
11976
5597
3582
2583
10320
3632
15519
1619
0
2479
4215
6908
1359
1604
0
1483
0
8842
0
6918
18060
10297
5175
22081
4923
14837
9893
2032
9155
14270
2244
19621
19886
10826
11976
14992
3008
9555
2366
20095
2278
6419
8983
9597
13904
12335
5687
0
0
3529
3014
7954
5602
17493
12627
17298
0
6016
6518
4650
2002
1426
2125
1998
2000
1997
3671
11917
3809
1324
2752
4624
6951
15568
6372
12588
5458
30692
13846
5186
7825
7991
3048
11216
8502
14867
6430
2617
7012
2713
2710
2711
2712
2711
1164
13864
17892
0
9332
24142
11390
2468
2459
1202
2468
26581
3596
4083
8776
4248
7442
8588
16466
3822
32392
1571
15394
9985
15068
15377
13338
4374
10909
1575
2143
13967
1470
20270
1650
5923
13277
15607
14047
7417
3105
5763
4906
15881
5281
4673
16788
16695
4361
2978
2245
8972
6756
6241
7203
4410
18818
8158
7650
4674
3507
3238
18908
10547
4038
1596
1595
13300
5976
20298
7378
15247
3859
1161
1135
1147
1140
1129
1116
1161
2037
6050
2219
1033
17597
7669
2475
5910
1754
9002
10358
1426
19613
3995
3987
9525
8192
4223
21516
1698
9271
14842
7358
2057
9332
9636
5561
6727
5157
6926
7765
2084
2086
2081
20230
9218
7273
2687
3319
5913
7733
16669
16771
22141
3772
11133
15773
8539
6407
11859
7181
14832
26376
17627
6098
13268
0
12628
14422
7457
2460
3876
1740
9757
8177
4517
0
3460
3402
2601
9379
13833
16104
21536
8871
10608
13756
1895
8268
5157
20085
17968
4116
12719
8581
3865
7489
16981
8544
9265
1181
6915
5598
13407
4264
7568
8423
14234
23274
2431
15837
18502
0
9023
6681
10914
5017
18074
1523
4375
3843
11263
10786
4523
4396
1681
15361
7804
14691
13574
14511
25218
6101
18525
1856
2590
0
4373
1497
13345
2596
16250
4327
18086
21806
12444
10009
9193
28775
9716
4038
2156
15285
0
1859
1858
1867
14041
20941
10375
23409
2665
0
6656
17362
5690
13775
35794
3321
4360
4323
7670
3905
1130
2198
1352
2892
19302
21867
17010
10811
1053
8683
1995
1870
6070
13945
2362
6539
11070
24981
6925
16966
5761
1352
13234
31982
20368
16575
17323
3866
26516
15856
3529
7165
14514
20664
0
11142
1672
12094
1583
3365
14956
7370
2621
9384
8204
2396
2499
11058
7663
1838
19804
11853
11636
2075
3177
4071
15727
24452
2429
13186
2535
2449
4463
19015
4313
9564
1588
15661
5642
11125
5892
19840
5794
15921
20109
17849
11030
1065
10380
0
13654
2918
6268
5489
6246
3262
13328
7774
15186
10676
2398
1325
6613
20952
5178
1761
5302
6919
9082
2759
17250
5972
23878
9059
4161
26076
7517
2088
2090
2088
2097
12290
17383
15867
4748
14035
4295
13446
9171
9072
11556
1552
1181
1199
23154
8676
11584
4592
3934
1127
1753
3727
3436
5930
10028
2973
3056
7296
14577
8058
8842
2727
4263
8723
9938
19554
15287
1994
3742
11727
2677
0
11404
9716
15352
3716
3711
3720
8061
2433
2428
2426
2422
1415
17737
3759
9474
23727
10286
18107
14774
17036
9582
1105
2057
2568
2422
9359
10529
2739
20787
24879
8621
30281
5105
18361
7593
5051
13602
2330
13259
9924
15064
3560
0
2310
19159
5915
4995
13399
7571
20378
14931
4765
8366
5340
8217
2518
6032
17642
1489
0
1522
0
0
3238
4984
7491
2845
7709
0
5596
9993
14074
1374
1359
1373
1367
1372
13339
14897
3201
5652
10215
3573
12424
14070
2879
9587
8812
17245
31984
9825
2780
15579
4180
21655
9291
3723
2267
2308
3093
2132
20043
6074
5892
33738
1671
8740
3823
1252
1251
1253
1253
1235
7801
10315
4887
9975
14566
13747
7113
7461
10692
7551
7145
1975
12410
8534
17605
36783
7634
4086
18313
8649
13234
13965
18451
7372
8258
5216
2324
2315
1958
8131
11975
3150
16198
5499
8052
4318
10119
5202
10904
2065
2017
2051
16723
4721
16306
2278
3215
17643
6182
3210
11820
19211
21157
2231
17762
16135
6379
8909
2829
17630
9772
19099
5322
19685
15969
1800
16331
4179
4607
16967
2070
3184
36349
9299
9882
16682
11765
20898
16576
0
13417
8997
4317
11573
13580
2628
1576
12650
22172
5579
15846
8649
1899
20232
8632
4293
3159
11297
6649
7125
3764
3745
9685
11537
5493
1534
1782
1806
1780
3176
8207
12901
22649
2724
11760
11154
10357
6120
13706
5557
1706
1462
18116
10155
5437
5398
10025
3938
3931
4619
7413
24675
3162
2623
16240
12093
4671
9855
9488
1717
18642
31283
19567
2748
21198
11809
8734
11992
9544
4534
15959
7909
28777
15468
2274
32678
5909
10339
3352
3082
2007
9860
2146
13367
16656
7436
0
17559
6791
16633
8855
0
3811
1326
1461
1455
1457
1454
11994
3938
12574
13748
8002
11817
13060
9555
3869
12429
17106
7870
4452
7807
2249
6123
14148
28344
13103
23066
8144
12236
2803
13954
6551
14708
2034
15724
6668
17607
8853
11156
4057
1094
18234
12458
34977
1004
8147
3580
14826
3417
7247
24760
27360
1093
13131
10420
5711
10270
10158
24268
16673
8440
7845
10469
1773
2612
1641
4930
4922
4019
3206
3804
8722
1857
1857
1854
3457
6607
6527
15222
19634
3161
27148
17411
16642
5093
22528
29657
28903
22334
2374
9287
17827
3032
19688
3319
14294
12825
15595
16106
11891
3833
1980
11022
6019
16363
2627
5468
13329
3078
8236
1218
17478
11775
2997
10487
16881
8017
7197
2347
3311
8987
36317
11323
7938
22219
14624
11007
11016
15411
13840
6323
7173
3101
2075
19473
5795
14079
8896
19276
6764
16652
21698
11672
2417
4145
7528
2395
2208
4658
19609
13208
10821
7877
18754
1879
2752
7949
7336
7747
5860
0
3700
2005
3350
7570
9510
20476
3611
3570
1678
20216
23314
6208
6334
7678
2057
2076
2012
22816
20219
20706
3661
4214
2036
18888
9583
7859
10862
9572
10452
10610
2158
19059
5320
20165
13745
21562
34129
12976
5757
9205
11288
10938
20201
4702
8620
1453
15845
11788
3918
8996
13708
12110
15505
6940
9524
14659
9782
8111
16263
4411
0
14177
18163
6359
5617
2135
13666
21319
2203
20199
7938
10699
21264
14000
2853
14265
23439
7636
3116
3111
14911
17786
3577
7339
11122
16116
11197
11927
7567
8070
11494
1442
18490
6229
18165
6347
3131
8435
3678
0
2956
1334
7120
2029
14768
13710
6592
19966
4544
2441
4114
3259
20344
7172
18370
18384
2655
0
3269
17609
5407
11913
4209
2073
8099
18657
4700
2675
20337
23060
4381
13504
2931
6341
24945
7851
1920
6004
3924
9428
1047
19144
21980
6034
18299
11018
16761
6436
10418
18205
4916
3459
4368
5856
19054
1134
11707
13673
12678
14121
11602
20555
2547
20954
7492
4008
23811
19778
17428
27048
11681
5111
12162
20062
10968
6050
17000
22320
18479
2932
3053
3001
14235
10113
10544
16188
10600
16782
5481
2243
14098
2898
2885
2299
20221
6583
11892
4449
9201
2961
0
9466
7511
6441
5104
8613
4162
12567
0
1205
15151
9401
12401
22463
16680
15479
2847
2921
15833
13903
3208
1701
10961
16600
8990
7083
18753
6229
10290
12540
9818
7036
9573
4111
5783
8623
0
18223
18640
8487
7381
9703
9170
7634
9246
2249
1408
1408
1408
1411
1407
1403
13576
11951
4794
15906
2527
24986
14759
5460
6847
20727
8011
13012
4583
11562
1647
2213
12348
11287
12709
2916
2863
15971
13302
5394
4503
19369
6401
6335
19071
1941
2637
19920
7740
8838
9270
16508
11419
10080
13494
12180
10462
5159
1993
1983
1987
2810
6851
6359
2918
2664
16122
12289
2908
5918
7720
1717
10002
3976
16340
1411
5721
22904
2642
4412
0
2472
2468
2459
2471
2466
3361
2805
1554
18709
2969
21965
11843
3662
4487
8333
6497
6933
19530
3668
2160
8435
12094
5542
0
10148
17931
2986
3308
3243
3239
3255
9564
9502
16031
8210
5166
5847
14704
19833
11728
3237
17361
8127
3753
14256
4469
5372
2570
10651
14428
9816
22644
3474
3606
17199
1045
2290
15319
22690
7117
13063
1497
5754
9394
6430
3376
6149
0
1886
4756
0
1965
16669
15104
2416
12565
13450
21080
10031
8387
19468
5144
7884
9499
19545
8203
2963
5059
20802
10175
10740
11714
18973
8952
12498
7798
12475
4776
28252
1063
12511
9324
17825
15190
4733
7275
1132
16525
6860
15061
6424
11966
13371
14630
10584
1259
0
7784
3602
25840
10316
5693
6096
4876
9837
0
7194
5120
4795
5177
6817
15862
21103
2330
1958
1958
1962
5189
9771
3535
10274
1140
9579
10038
28158
6456
1326
6864
1161
8029
6012
2145
7326
11637
15822
9768
7760
19447
19259
8788
21427
1537
15086
3332
16524
8934
16915
7309
6906
14544
2591
5646
15612
6653
21044
1655
0
9156
11690
5469
15297
25091
6440
13419
2728
9267
11404
4195
3368
0
3543
4297
16329
12643
3737
3723
3713
13085
10391
4139
10938
4801
2850
18648
5503
6374
14591
1430
7473
15965
11837
2164
10015
21653
0
0
2225
2176
13755
18400
6831
19505
12039
12158
1873
2275
2275
13182
10840
7641
7306
4549
3072
0
0
3517
11227
2742
12993
19060
12746
6190
5194
18082
4908
1985
3897
8089
10879
3337
10713
6685
6848
5434
1124
17668
1832
5314
0
9239
16936
6702
12835
17926
11552
17536
13165
2731
9408
4475
11026
1616
1086
5273
1820
1667
10325
7019
11790
2978
16659
3377
20501
5451
16434
14856
21499
12285
3834
4689
3696
1809
2885
2824
3167
4494
21233
4470
19809
6695
4108
20885
8795
6375
19859
12707
6774
10321
8477
3152
9377
6733
14480
13345
4289
1130
27387
14641
5637
6641
3469
5105
5591
7684
7684
3160
8996
1780
8554
8826
16948
3807
3277
11656
23966
5123
12003
15227
6964
20151
1761
2026
19811
7758
18325
11661
16089
10692
1671
4809
10057
2025
7631
2733
2718
2720
19452
2339
8648
2763
2659
2645
2645
11950
2986
0
7427
12025
7727
10022
8501
14271
22240
13642
7170
19777
1670
1659
1632
0
15914
3485
8721
1465
1455
17823
1603
10943
10865
1163
10548
6122
14204
7549
27285
7476
2836
10162
3329
19320
9532
8431
11165
10477
8061
18690
4240
2790
2787
2792
11560
8319
8047
13661
7404
27859
14510
4450
1055
19392
0
0
2210
9907
3076
12028
6510
2902
5315
9327
16895
14360
2040
1085
22446
10848
9945
12623
15433
5357
6751
0
2879
7426
20224
5094
26737
4318
5525
2054
3192
9662
7668
12188
11212
0
0
5421
6843
6007
12487
1905
1894
5328
11229
16222
23889
4555
17582
2398
14041
10316
15333
10649
9806
9482
1753
7261
16173
12770
10311
21773
11768
10852
7221
12171
14138
24743
6455
16525
1217
18450
3929
10644
19141
21290
15006
0
3818
2487
4700
15194
4173
6014
12529
1237
9206
0
7351
14027
11486
4665
6152
11623
1572
3275
15848
2931
18946
16168
19203
6305
2443
2444
2212
15344
10027
2927
0
3251
15405
3814
1282
6940
1437
16303
1961
3026
3217
1038
8117
2011
22295
19297
1494
9039
17516
2749
3005
15024
11235
9720
13908
2866
9967
8299
7249
2406
2339
2344
6491
19886
4462
2829
15213
11694
10422
9964
6515
16364
16699
6080
11044
21551
2158
0
9790
1472
3792
13137
3067
13242
0
18401
2805
8585
3717
25003
8221
16598
2058
2065
2062
3985
9661
3581
8034
1314
1304
1309
1309
1705
9716
2422
7632
17436
1046
12460
12523
1453
4922
11029
1489
6675
10653
4890
15227
4103
3480
3872
1441
8422
2853
11695
4427
8873
19379
3901
13634
1667
3964
7194
9339
19531
13027
3579
18192
6916
6945
7716
19269
19230
1304
13598
20929
2937
2711
5710
2132
2636
1193
15347
5069
0
3926
14645
13917
19478
2274
16061
2478
2815
16874
0
8006
11869
13796
9077
2413
2683
8535
7470
15995
14290
16793
7310
2092
2791
26267
3312
3675
3996
1495
10443
11351
12717
16823
17476
11023
17746
11906
21043
2490
10457
11250
12068
12716
16293
4817
2233
8384
7111
21234
17266
11485
1621
4517
17430
10093
6834
3686
11674
4416
2987
15087
17717
11367
22005
19969
7720
21038
3767
2357
2361
5296
9883
11108
1896
6481
0
17991
2964
12054
7692
20156
6482
4320
4531
18862
2614
5282
3667
3253
2027
20701
0
11017
17385
1484
2716
22377
22428
12034
11811
1512
1483
1516
1510
1492
1499
1512
2668
13402
1074
11373
10668
2674
1468
24932
6927
13147
7281
16402
12842
13503
4159
4170
5802
10663
11955
22185
16127
12229
3298
7065
15354
0
6913
3196
36068
6460
1075
1036
1013
1888
1947
4478
3586
3496
2442
9085
1735
8365
11493
3043
3058
3039
3026
4745
3986
15443
7681
6533
7338
3845
4401
13480
13740
1635
19199
3352
2278
2164
15359
28358
22627
17159
10457
8307
0
10050
14778
9799
4385
6645
3982
10754
2468
20430
1363
6495
12824
6942
1744
10713
2959
7726
18929
3884
13391
9806
3689
8123
4004
14017
2623
20233
29805
15195
12972
4729
6363
0
1805
18388
14361
12741
8956
4681
4052
8734
6251
3575
1014
6629
4162
12859
12341
17257
21111
2081
17442
7206
8688
11206
0
14484
4468
4931
2277
2608
12302
5707
12646
15653
3803
10753
3934
10327
7696
6451
9933
14867
15298
3284
7672
13905
1413
13624
5668
5509
5463
15075
2773
5074
5046
7032
14122
8326
16205
3203
7774
9810
12027
6938
3730
3975
6213
7582
7584
7812
18470
15705
12877
0
10044
10743
15824
10962
18986
12221
5816
5084
5066
1854
1649
7541
7666
0
2740
0
1728
1728
1726
1726
1727
27246
9676
16556
8325
9496
4394
23212
4974
3095
3350
8614
5439
1767
1322
7873
1929
15663
16040
2458
2458
2431
0
1181
1176
16857
4129
9159
4330
1153
7757
4817
17474
0
13924
11635
2703
1209
3215
2568
2578
2949
3132
3411
2492
2609
2736
2506
2482
4930
9387
5596
15253
23606
10754
8942
11999
8045
15327
2376
3818
6298
1346
8073
6383
9706
2511
2341
2438
2421
12705
6662
12663
21511
18062
19626
2938
6474
21989
7239
11325
2662
2462
2461
2467
1475
2352
21890
6400
21174
7690
7071
2838
8888
4527
8945
0
4391
8531
19302
14071
4787
16763
16622
12684
17195
9045
2574
10605
4437
3390
3818
2535
9930
4496
4782
10099
9628
7921
25822
12886
16835
23401
5492
19718
5671
24319
1125
3143
2180
3737
15913
6117
15995
8911
5941
11400
11151
5096
10495
10932
5050
12429
20672
2937
2084
13690
3491
22857
3486
1047
1161
10084
9192
7934
5103
19009
19320
3592
0
4856
20926
8504
8654
2539
25787
2684
6111
3760
2898
2874
2892
5092
11850
21031
12615
9610
20192
1462
3997
4617
2876
20880
5161
19653
6900
4020
14599
32589
17694
21912
2107
10792
10621
12332
8250
4875
1673
6144
14137
7221
16354
4050
1858
1423
22415
15200
1899
1967
10842
7906
10374
6801
3275
1456
10395
6650
7112
1539
3190
2084
16726
10535
6683
6889
21828
1595
4939
16305
15776
9008
14964
2694
26781
26222
24035
6773
20978
4061
1980
1990
2259
15405
1497
5821
18452
2685
28069
4653
6546
1639
15030
23517
21010
2073
6392
1727
6085
10707
8785
20725
4243
3991
9544
25589
6039
1259
15381
6152
13818
1449
5822
8994
17353
6590
2971
7303
11298
10989
4264
12349
2248
3667
7532
21759
10095
4652
27698
1429
12368
4842
11460
7280
5015
3691
3358
20750
3656
2506
1623
2709
8324
11462
16142
17351
17693
7507
7825
11765
14695
2911
1825
1825
1841
2794
6734
7718
11926
18072
18811
17246
3189
2140
4161
13103
1903
20188
7075
15443
9390
8354
6048
3034
3925
16021
13734
11961
6747
15493
7491
5389
14405
17151
4653
22238
15878
4064
0
18922
2346
0
1385
1385
1383
1382
1383
1376
1375
10961
30890
2825
12252
16638
14099
5849
3136
11931
1606
4126
3275
4474
11364
7975
18442
6772
19426
5655
4887
2994
4508
21682
13553
13546
5109
6425
8633
12533
8953
2748
3497
7408
1798
1736
21070
13352
17446
2575
2274
17499
15920
6582
5149
8164
1171
4953
17026
20490
4794
7468
7914
7898
16887
1425
4411
4846
12461
6384
17974
5239
3802
14542
14863
5328
2388
3806
16930
19001
1688
1685
1570
1560
32843
7622
19520
6768
12425
21459
2352
4788
3988
20433
9116
8720
3758
3332
17255
8202
6473
4882
2319
17184
7951
12306
1510
24284
0
3082
2911
1379
4104
8186
2612
12968
1768
12912
13825
8329
20906
20739
16227
6100
9790
20543
9253
14683
1759
1744
4205
8660
5125
15136
9383
17366
14336
10968
4193
21629
14644
15170
6281
11993
8388
3319
3307
17396
5178
4136
2571
1954
1508
2996
18966
10057
0
17432
11812
25232
1332
1816
11283
3621
15174
3211
1997
1430
4181
14452
5998
1057
19184
8811
2549
13611
10798
10661
8141
4044
3232
9706
6953
5190
13003
23034
23260
12332
3124
16768
18512
4777
1137
8349
10719
3680
7836
15079
1482
1280
1236
4422
4228
9158
9315
6229
12761
6220
6487
1420
4896
3639
9671
6945
9267
2142
5337
0
12234
1848
3301
4636
1713
4562
4915
6365
20292
14629
13801
7423
18739
5726
11490
11608
3931
3621
7992
7158
1843
1841
11701
14785
17156
5535
10436
8976
8984
8385
3444
2888
18232
5956
18799
3161
1812
2405
15185
2723
1368
10245
12943
0
7946
22205
1910
10679
5859
4533
23215
3893
17554
0
11062
3308
1201
1426
14925
10414
8445
15303
3423
1870
21707
11633
2898
7428
10849
2441
8333
10821
2973
16998
7215
3004
1797
1832
1802
1806
3566
7846
17629
6174
4120
7221
5939
2678
16043
3733
5040
1136
3869
28349
9685
2239
2636
11644
4889
7986
12810
22367
9022
12084
2121
2897
3948
18921
11462
3544
7217
6944
7662
2875
3709
6593
7724
13241
20962
7919
3535
19091
8348
7545
5358
4232
6247
1072
1097
1073
1071
1068
6433
1294
1299
1280
12976
1927
12466
20896
3414
6745
1771
6800
9179
1731
18479
8070
1267
9684
3829
6728
7481
16761
5264
15090
18710
2027
7655
23854
5574
11782
3755
12930
2631
3059
3015
3008
12760
8472
3659
12186
16392
6731
1498
1915
12282
5393
14575
15794
7783
2307
4990
3326
0
7592
6348
7847
4182
3470
19586
1195
5438
3342
0
9282
0
5604
13934
3029
3027
3024
3163
7183
6877
9520
2185
2191
2171
10067
1444
1931
1762
11265
9993
11748
13520
9421
5514
19563
7278
7298
18106
11366
25229
11299
2096
4485
2990
13791
4335
16087
13098
10390
8938
4586
8596
4119
13865
10989
3163
3166
7272
9952
9236
6484
21319
6475
7740
7066
0
1903
1923
19260
13076
2033
2024
2033
2032
1423
15733
13789
6794
2354
3871
6298
9670
4981
10094
8335
7924
12730
1507
19555
3698
13969
3511
5564
2583
2545
1579
2361
2368
2571
21968
25710
13795
10170
10967
4257
8423
11633
18054
6064
18794
1976
1985
1983
1987
2858
15277
14251
17341
1758
10468
4966
1299
1183
3427
10122
3918
1037
3959
6885
12922
13063
2282
5677
6441
9694
17961
7181
7699
8516
4273
10263
12166
4508
9617
7459
14666
4507
9731
4900
11883
22219
11380
35222
10084
11671
5638
2005
19839
19222
7724
2657
9950
6900
2674
5231
1352
6941
15483
6523
11770
2209
5590
9772
4283
9940
3499
18193
9834
5484
8542
1891
2870
2575
15014
8960
11838
4663
7768
6942
16325
3096
15858
16444
17936
2129
2136
1561
1722
2726
2193
2193
2178
2166
2356
5686
2445
14992
4634
6266
7288
2869
13988
10875
3494
0
6347
13188
3391
2809
22134
8952
4108
5805
8221
5967
3484
3479
6277
10147
7510
2894
1491
7309
2305
7915
27299
2879
1221
15088
9266
3551
9074
1050
7180
3361
13177
25801
3309
5088
19811
2578
15057
14226
14057
17842
6888
14817
24296
14330
16547
21904
11015
7793
13242
10888
8588
14056
19001
2712
6905
0
14261
9786
10346
1650
2532
5672
1738
0
8477
15090
7419
21494
4413
4144
0
18767
7068
5212
3163
15285
5897
8336
3603
17953
20631
1998
15046
12306
7265
2663
6335
2248
9930
18882
8642
14944
19377
3209
17312
21684
16869
9828
8485
17784
7673
10876
11700
2009
2801
14524
6681
11805
9709
1776
11190
1838
1852
12349
12882
18708
20492
8547
17421
15514
7666
3373
8568
6316
11880
14968
10528
2318
14277
22328
8103
8421
7867
9077
3245
6555
19518
2530
5360
4533
17164
2661
7176
2872
4439
6738
24072
14973
3997
2734
2724
0
2257
2359
2318
10530
9525
2489
20541
2881
11560
10055
2197
2193
2230
13042
9539
15850
13571
1443
1549
1375
22680
1631
2653
2657
14363
4133
29089
22478
1224
1602
10981
0
1187
10200
2277
2269
2275
1859
5682
21159
9487
3410
18644
11559
8406
10383
4300
27094
10742
4291
18675
2309
2298
2300
16191
16413
13172
2681
3761
0
17426
17279
10976
20124
7794
4901
7198
17658
2714
18181
1716
9862
5605
12279
2374
2237
2141
6631
7331
5893
12433
6261
19637
6455
17932
8848
20629
2803
2781
2860
2789
0
4755
14064
7219
1113
1729
14047
6753
11596
1277
11572
1200
7505
13645
11471
1715
14346
3841
7626
4591
11840
2146
7641
3278
16628
2767
2773
2766
2755
14641
7078
7203
2162
2432
2413
0
7645
2265
2268
3635
1849
8464
5708
1500
8375
17979
14420
1428
5184
11770
19216
20247
18760
13651
9251
14128
14396
2500
16067
9638
24481
8497
14587
4072
4073
1328
8882
5143
3441
21082
7212
19827
8898
19308
5179
2822
17370
19102
6844
1253
1253
1264
2790
1614
14631
25623
2981
26952
8234
21399
3625
9883
18891
24978
9338
10885
6803
9825
4544
11960
5038
4588
0
7437
0
10267
1572
1457
10866
8256
1588
15209
9060
3442
2776
4370
13199
14570
10710
2355
17927
17218
15807
26831
15664
0
14253
7040
11469
4449
6844
25091
6690
14212
2378
0
3598
13466
2621
1448
4681
12027
4789
9769
19154
6913
7109
24005
12377
20410
0
8312
3848
5061
18587
2745
16623
2094
2130
9302
6263
5452
16160
5884
14939
16020
7698
4438
6713
5941
16377
5184
17259
19701
13454
11696
17444
14460
17664
12191
2066
1254
9160
16718
7044
1633
18165
15889
1403
1303
13749
8412
7322
2277
1831
12199
6609
1248
1249
1264
1264
1241
2698
8147
19652
10871
7196
21490
1154
1150
1154
1151
1154
16941
1900
3234
7608
6348
4322
2951
2958
34385
5102
4550
2421
12017
3923
6050
19616
13278
1051
8050
6147
6867
12156
8633
13270
13475
4168
1723
1742
1718
1738
3829
2488
11168
11168
1122
3786
19569
5896
10833
16783
6335
5635
10416
1980
12550
5612
12340
18198
10112
3213
20608
9221
11075
8768
16880
14148
4726
3151
4723
5630
9084
8566
15968
24239
2988
6019
3302
7796
2651
2643
2207
1672
7496
5273
1670
8876
11908
20352
10986
9807
7941
2935
13506
3995
11183
4044
22866
5820
11499
1012
16900
10457
14822
1757
7233
10416
18527
6399
4908
8926
1771
2521
19691
17165
3156
1355
10560
1042
10148
15006
11097
7162
1502
10709
23973
1864
1859
1862
1884
8647
20533
14991
13461
20768
15093
4171
0
7803
4654
16719
12447
2794
13214
15947
18697
0
4565
3736
14087
4330
3000
6603
25246
13723
8152
4900
6472
2009
3061
1688
0
17264
19456
15478
4608
21282
11177
28928
6539
8147
15118
15427
5206
4978
6904
3455
6868
4065
5397
17829
15609
3657
5010
7365
1506
6875
5433
6115
6878
4249
16120
14140
9995
4256
6542
3732
20050
8198
20549
4166
3040
3038
3048
14795
6485
5718
21993
29650
16635
17623
20354
8485
1825
2472
3721
4749
7116
16042
9053
17242
11546
1779
2129
11044
1327
1327
2375
8832
13187
0
8330
14463
10923
3048
9943
8607
8427
17775
3897
7971
18895
10432
7882
26314
5562
3561
8323
1117
25942
14709
2400
1355
9521
21106
2035
19990
0
12067
1463
16125
7877
15384
8758
6319
2972
13402
15125
1943
17536
4624
4797
1928
6605
4539
1307
0
16253
13001
3666
6453
11168
10578
6844
17985
11940
20800
1341
6110
9156
11139
9230
9827
9955
2835
2517
13666
16932
1383
1377
1380
6516
15252
4553
5020
2229
18971
3126
10514
10853
1103
6963
13156
3027
3033
10570
6316
22813
12204
12105
0
14236
3933
4693
3011
1333
1332
2033
3113
18334
1472
1470
1467
1474
1470
11702
6168
3424
8270
19392
14708
15037
14653
0
21223
5855
3376
14213
16452
7105
5003
3696
1205
2495
0
6770
9913
4325
7627
1967
1910
9039
10607
0
9464
12034
12417
9413
15329
20448
0
17747
11205
11770
12722
9859
5779
17921
16933
13041
2766
1602
1593
1593
10362
19677
9937
6462
3493
3262
11395
21303
1352
11843
1406
11112
1021
14486
7249
6644
8378
3465
11527
10512
8659
21485
6056
14193
3892
11645
1657
1450
17652
2277
19354
13149
19273
17265
2876
2901
5766
2830
1856
14230
2855
2854
2858
1042
0
8835
13597
7042
2388
20893
13239
4415
11137
9713
15873
4143
8938
9202
20323
3469
20711
1099
3678
3546
7633
10041
20820
12355
22214
10843
2758
22343
9167
9764
16101
7596
2235
13030
0
22602
11449
39751
16740
28459
3432
3351
0
12997
17867
12023
5848
11922
21624
1141
1231
1147
1157
0
0
0
6988
5432
8849
5837
4066
0
5637
1492
10759
16070
1983
17717
5842
6039
5957
15078
8700
10509
13216
4827
10594
17768
5793
15893
2419
3604
3780
12401
3513
1803
9383
12978
5356
21462
7592
2661
7668
17350
2172
2850
10961
17191
8497
6562
1807
1569
5002
4733
9345
2940
9836
4288
2275
23448
16721
15011
7410
0
6688
2786
18767
15355
12418
17668
3694
5441
2881
4000
10783
10064
6379
3071
8555
15327
12382
1784
2385
21008
6149
5705
8346
11427
14284
2458
2278
5883
14218
2484
16487
1335
1280
1280
1791
11332
8096
5442
6348
21460
9064
9062
1444
5473
5719
3666
3776
20721
2954
5896
11759
2673
15497
13589
11766
3257
11586
7432
2743
16880
3970
14342
18784
13909
14133
14517
13050
5850
5456
11870
25887
18046
18862
8522
14183
4133
18514
5477
4716
9501
0
1879
34370
11357
3194
3206
8994
12506
4795
17667
2465
2470
1649
2177
8254
8834
9279
3642
11179
6817
15255
6632
18150
8867
2681
15822
7767
3658
3415
26611
11294
1409
23062
6631
3756
4969
6746
17585
5075
8893
5268
1366
22557
2270
2459
2472
12146
22056
7459
4023
5132
1101
7913
11321
0
11533
1466
7415
4305
13971
4299
3730
12605
15209
21476
19805
0
5763
17926
1753
2122
14232
1474
1477
1700
13818
12470
5908
5804
10487
12728
23882
8569
3702
0
4442
11251
5683
6820
2901
2862
4917
4788
2134
8844
8371
1236
12684
3107
0
9546
5172
5307
14190
16801
11170
1647
15540
2776
12093
18160
11664
7493
15302
12169
11575
13668
10838
6905
12706
8309
1196
6109
3809
2343
18984
16065
13168
2667
15877
20967
21207
11931
5947
16488
9180
23119
2612
2410
9859
14808
27083
11106
13385
7563
7197
8057
12299
12491
9667
13446
11307
20519
7232
20695
21686
3763
29251
9687
10108
12647
10042
16336
11888
5713
1955
12922
18028
1650
15334
16127
18908
9525
17383
0
0
1681
0
11200
3704
14434
10793
11921
14446
18709
2004
14846
24003
2362
11157
6639
6643
3593
3487
2266
13491
16009
26360
2377
1538
12743
15267
0
1114
2261
0
3523
5157
8372
2348
2340
2335
2380
3370
17309
4525
17366
16207
3492
5669
14136
11570
14323
20742
2312
3285
14306
4995
2557
17933
1549
1350
1320
1222
14111
19507
21015
7332
8306
3428
1654
1301
1403
3909
4122
17672
2889
15566
2951
2689
3061
3797
7640
15596
12305
7778
1777
10314
13809
2566
2389
0
1563
8950
2046
8798
12599
23160
1691
1689
7726
2958
6539
6781
3122
0
2515
6334
1463
1838
14497
1064
2871
1661
7976
8368
11502
6215
15716
8569
7279
1553
21545
15645
6609
7152
31622
7612
2115
8333
18041
1819
2949
5500
1836
5420
3361
1719
5365
11692
25429
16291
6932
7553
2845
2847
1929
14103
17835
17851
8915
16429
12227
13199
5453
0
2041
2048
1628
2690
10396
11540
9265
8314
10779
13220
12191
4929
2403
7213
6993
9121
9627
11066
17703
9156
15851
13088
5031
3109
3485
5494
4148
1874
16170
8782
7279
9457
2934
2015
8472
2807
8462
1776
5016
4103
2288
12201
11320
1507
18905
9165
2825
13065
7057
8298
15487
6890
16919
2383
18150
7958
4448
10430
11773
13244
22254
13776
3027
7192
5718
5498
4942
5356
1810
2939
7830
1048
15440
2242
19110
14627
8624
3309
4247
20251
15439
3171
8614
2097
14207
9609
6273
17933
1522
20467
1405
4769
12868
15584
1259
1226
20664
7498
6547
10682
8568
4077
9714
19674
7928
14520
7343
8548
14081
5938
13575
1513
11098
8647
3882
9025
4620
11171
20330
15693
25374
8325
16530
6099
9129
2225
9768
11294
20312
4880
6453
6763
9276
17976
16406
8404
4896
7957
19872
10221
11719
3861
1843
3422
7415
8721
2600
7614
0
8500
3021
14228
1313
4864
17806
11255
3353
9052
22418
0
15185
15252
2035
2265
1924
20867
9860
15177
16991
5263
5469
6746
1528
2856
13875
8606
9703
3078
20393
30129
13796
3314
25909
18248
11967
19984
12706
11880
5335
7811
7521
1911
9912
5762
11524
13481
12782
5357
10022
0
4653
4027
10791
0
2430
15509
11307
7594
7520
14317
1791
9921
19885
6075
11747
3142
2593
3555
1777
5294
0
5428
5275
13190
22350
11239
15724
2272
3700
3697
16135
22959
6363
5095
11139
5655
7979
19762
8484
8714
3970
14083
1964
9525
3461
2469
7760
6185
1169
7525
7409
1239
22818
19557
8762
2030
11838
15317
10131
25579
8631
11876
3759
4048
9055
12399
5084
2808
10252
17944
6288
39208
19136
9827
0
1528
1530
4771
3029
2010
2015
2027
10045
4502
8710
6400
4756
5127
3945
1764
8534
35319
16086
18101
5621
12308
14381
8542
7073
0
6366
11822
11172
3592
2439
2436
2445
2438
2442
2108
1108
14616
6746
4132
11581
8099
21133
1077
6590
2270
11548
4994
3512
3668
20232
1205
0
3867
10938
13848
3368
2508
12597
3030
14050
17094
15779
5123
12135
3885
3817
6229
1348
1344
1352
1348
1352
1345
1346
9057
17715
15772
7768
1280
5644
13557
16391
9095
10705
2392
4766
20531
10285
16927
2907
17690
5921
14966
17433
11297
8567
2803
15242
9486
8980
6406
5498
6121
11050
4996
11245
18576
13586
3279
8949
13633
1490
21570
7183
10166
16546
10000
14482
6988
1006
0
10916
20674
2183
6073
1070
23444
11354
17077
4252
9509
16042
12284
16400
18415
7315
7340
5234
2012
2029
6452
6459
16753
1512
13744
3551
16501
4279
18188
12019
2334
2390
22374
2675
2840
8319
1221
22319
13648
5277
9440
12117
9917
1437
1360
1359
1357
1355
2799
18189
9646
8293
6868
1339
7117
38500
18058
5143
7400
2511
8252
6703
11018
3257
22942
14065
6367
4141
19268
21758
14205
21408
2171
3516
15608
9135
2006
10582
3033
2294
17690
6913
1422
9356
36575
1963
17982
9546
2679
2728
5235
14523
8089
9026
16225
9282
11330
20644
24609
31783
17324
0
3925
0
26731
14187
10803
4250
3059
7785
1104
15628
8592
17593
19698
10353
13697
0
5083
9709
6698
13188
8510
1844
1846
14746
11724
7774
7530
9458
18898
12528
10394
10274
2419
2481
2588
2432
12738
17996
4682
3851
4968
1021
6134
9342
2143
3901
19317
4128
20946
12088
14583
4233
7628
22652
9831
6521
1079
3081
18225
5337
1395
1984
11543
3181
4317
8604
4570
4886
13757
2091
14729
17087
1924
15596
1261
3652
4256
11740
8799
13188
3784
7423
6450
7428
20588
3322
14929
5142
1167
10973
6668
2838
13855
21087
17622
9038
2460
4830
3792
5480
18796
13082
7590
16677
19765
5084
8809
0
2397
10637
1641
4497
19133
4811
2471
1753
19730
4125
11030
3738
5718
6368
20502
2670
2669
2672
2676
2794
7894
23334
10447
3145
2753
14036
1332
4555
15014
5748
1224
9929
5076
7399
5397
17361
7281
10750
9463
17280
15404
1218
31817
26178
6619
3366
10278
2828
2828
2838
2858
2027
15248
15902
12357
1757
5619
2352
8085
7623
3070
2780
9959
5618
2466
4589
7864
13635
9160
10633
6466
11230
0
5013
16462
6783
2229
12646
6616
6080
8198
0
2720
4401
16809
10469
4194
4965
10369
8439
7452
17918
5293
3908
17630
19956
5655
16078
4574
3772
17656
13568
8620
3269
9647
5408
11240
4136
13436
6826
3553
27509
8177
3409
21690
3881
3268
9150
12380
14757
3658
2691
9007
4466
1591
24419
7799
2780
24119
6299
7136
10624
4980
5257
4135
16517
2565
17139
5505
10482
24174
10691
2549
2437
0
0
12755
4769
3351
2779
0
19155
17741
9348
15250
3060
8615
4099
21083
15197
3480
16260
19999
14197
20450
3838
3727
1405
12460
16050
1867
15077
15686
7532
4354
14624
4396
25045
0
10040
4712
7071
7710
2658
13479
20187
12104
7420
12913
8997
16629
19058
7484
4536
8835
4938
9536
10309
3436
11142
18047
3407
8561
1958
17314
1886
1121
4807
9815
1766
2270
14660
10584
19975
1457
5665
12413
5292
14124
19640
4046
1060
1876
1873
1870
23233
6670
8469
5501
16710
28464
21868
4967
1573
19483
2048
18475
9918
12113
5924
9399
0
2735
3298
28230
16929
13456
1667
0
7012
4211
0
7733
22763
2311
16376
14844
20321
20462
2203
15128
2025
10061
6885
22197
19014
8699
4658
11962
3552
1509
14312
5384
17782
8148
18169
10079
6106
4776
11877
8381
20201
3329
2345
1491
11720
2395
11109
6137
12023
14866
6400
3856
2810
12233
16398
7094
1660
19267
0
3140
3143
3143
3141
4381
4750
4842
18542
10624
18389
17751
15421
5516
5516
3486
4472
13023
0
6585
9429
1714
1714
1505
1547
1356
7971
14497
10174
11762
8547
1925
6752
10899
8446
11024
5322
6133
1589
11397
19211
20184
5604
9877
24475
19394
5271
3037
2156
17170
3067
4793
19240
4101
5227
13147
1647
17344
12369
5374
39268
2612
2594
7874
5455
2590
5288
3670
3810
4848
16605
29087
2498
2493
1615
4685
4999
22548
9832
2522
0
7705
4401
7823
3431
13912
8832
2908
7503
13724
6912
4909
17932
18068
6605
4139
4238
11532
7587
0
11077
11909
8046
1259
15619
9175
2844
4455
2919
18904
13230
3656
3263
11690
4178
17954
5071
14513
3486
12507
5217
5821
14020
7556
18980
13185
1594
6220
7266
12391
18977
2525
4788
17302
8817
9399
0
1190
8155
4582
6420
5952
17959
17007
11211
2072
13855
4116
2200
16568
3338
2887
4361
11470
5986
9058
8908
9653
2418
2415
2412
2539
1872
7108
8122
2647
4506
3175
19568
1592
10823
7180
8167
10859
21660
6249
8410
8981
23991
2247
11393
4782
1498
2435
6363
1660
4503
21374
3774
2225
2224
15575
1392
1386
0
28112
17769
13626
11252
10279
2438
4178
2142
1443
22042
22390
23920
18727
8775
5130
4494
11110
1559
14441
9840
19089
2913
4724
0
16588
9075
9690
0
11862
3262
11830
1173
7255
4629
10959
0
15596
19796
2563
18148
8311
11134
2114
15635
9660
11736
12663
6433
19053
5614
7059
15259
12591
8237
13953
1016
1333
7485
19125
1355
3891
7526
2299
2292
2289
5467
7362
8629
0
2057
3193
11198
2672
2672
5777
4766
4759
23892
9533
9874
19514
14346
14491
2168
2159
2158
2164
2158
4835
4240
4844
11504
19288
10421
7691
4598
0
2664
22851
5356
9188
12725
11732
19682
16029
14776
2829
10246
12591
1804
4718
3804
17888
6805
20671
9876
18738
7986
23525
1214
5324
11242
0
11336
2957
14055
3482
21999
2160
2163
1628
5337
2793
1456
1784
2290
2120
19502
7537
17435
11628
11762
8455
14693
10679
2160
18148
7447
6514
14299
3896
2837
8737
14206
2046
3511
2277
10531
10007
10464
14521
18925
16163
6436
2525
2861
8429
7573
19968
7714
2802
2819
4140
24515
5631
24060
1851
10111
0
9126
8369
20863
5743
1057
4555
3764
1208
11086
12085
8357
1045
8051
0
19992
23430
3280
13265
10536
3701
3701
3277
15831
15400
5097
14101
4064
10757
12446
3101
17231
9513
16989
6838
19163
18229
6753
7659
10495
25078
15466
3583
17402
15130
9320
11035
3223
20565
3848
9174
19737
10614
19535
9024
19710
26248
11018
16720
3240
25734
9890
17748
12507
3007
2693
1539
1533
1534
2003
23142
2740
9079
12807
15249
8842
12965
4529
8156
5089
5766
20203
2594
10680
10196
7883
23854
4736
1539
11179
6691
18940
19016
13676
1127
7259
23921
3213
7980
8732
10556
7678
16470
4125
1767
3064
18725
8555
1772
1724
5544
1133
1138
1142
1137
1140
1138
1133
21200
1629
2673
4995
9676
2372
2373
2376
2374
2377
11575
6312
7131
12595
18682
5089
5323
4629
16996
1917
18732
4344
1421
12516
2480
13864
15136
14185
20098
3438
3438
3445
9444
10675
1021
3459
8330
14881
10225
2722
2125
2121
2122
7016
11936
5035
15052
15939
12947
1015
2166
2162
2163
2163
2504
2496
2378
6319
13718
13835
13744
3635
21794
7941
18132
1758
8260
1238
3808
10237
3143
2326
26434
4088
2000
14025
3432
9756
2199
2210
2197
10676
14613
10372
12336
11113
11614
7396
4262
2239
2138
2667
8360
13824
2440
8887
26302
16572
6301
7791
6813
7762
12516
8332
3480
8466
8544
13193
18172
14469
2523
16573
3782
2690
13407
2844
9836
1496
1494
9051
31982
24359
3527
5034
5043
1324
3323
2680
2660
7801
17225
3008
8288
6227
6441
5842
4162
11019
3048
24460
10053
22342
5273
14356
8724
6796
3057
0
8021
2646
3343
5076
1567
4524
2055
15832
1861
1881
9694
5474
2379
19963
15085
2041
5618
11698
9583
3164
19620
9828
6559
1803
6833
4551
0
4021
5959
24420
11272
2982
14873
4078
2432
7189
1526
7205
11030
10431
6919
4375
4736
7732
8724
4970
4684
5461
9626
4463
5428
8412
10153
4104
4104
4102
4057
3626
2706
21027
6001
4008
10415
7053
12250
2538
6984
2031
8169
4778
4301
13500
9567
12124
1428
10275
14152
13405
2072
17789
9269
5069
22097
4632
10276
3861
15043
3007
18365
12483
18473
10293
17586
10131
5120
8393
12135
4090
13645
4986
8728
2746
4569
1543
1507
1487
1492
17134
12239
14498
7496
2479
3076
2469
12653
10069
2326
12479
8751
13700
9618
7082
7862
8398
4160
3615
4168
2749
3678
10915
13681
18443
24137
7958
10422
5066
18129
28330
6884
7482
2302
3082
8130
4774
8013
23560
1492
1497
14712
15622
3607
3013
22916
1447
10090
5635
4704
1328
10554
21316
2835
17918
17092
17821
10740
5250
1744
4812
2948
1384
2419
2915
2415
2406
2399
15270
12102
2817
19315
10672
1618
3054
5206
3186
13600
1286
19208
18223
17380
18474
8106
4587
6924
5200
20542
2353
2349
10909
11864
3235
3059
6752
10563
5929
3641
9996
14081
7489
6414
3487
9803
13250
8615
6241
10764
13094
2517
5950
9676
2415
0
8064
12355
1338
11383
0
5140
14343
13328
12707
11964
4299
4808
8967
21699
25056
8701
0
3792
21625
3937
25681
11835
19182
17795
2659
3050
17855
1574
7133
1607
5868
12861
1890
3378
11780
2341
25138
14712
26933
1445
18236
16638
4320
5180
20304
12537
10386
5838
8485
8675
2045
9787
13874
11013
14533
4323
4320
3948
21724
3048
7221
10302
13051
7316
11236
21680
5001
11525
14753
3834
6910
5345
11726
7426
14734
2105
2101
2107
2111
2105
5242
3992
0
8522
15616
6947
15507
4711
8319
2472
23358
25144
2722
6070
1406
1830
1829
1827
1424
3370
9711
11439
1623
17313
10768
3631
10469
14508
17443
4376
8060
3633
7091
2457
6581
7614
7791
7882
19201
1115
1622
3754
2257
1823
4292
8189
3435
14223
11387
6200
21614
11673
6461
7788
1429
11742
18722
17229
15166
2387
2913
2565
1792
11113
15451
12548
0
13348
21898
2478
2787
19018
17715
12484
20521
2242
2240
6944
6804
2972
6391
18417
7545
7961
8067
8305
8351
10271
4028
4580
12230
4234
21224
10934
0
8881
22537
5025
14567
6319
13226
1417
1412
1425
1418
19729
2135
4181
7423
16664
16134
17189
3086
5623
10243
9415
15028
4993
4472
6029
10711
5604
14141
9849
2457
12750
2768
15842
18431
17604
18644
13992
4023
18624
11926
7753
23635
0
1945
7253
18598
5576
3277
9652
4680
4657
15256
2367
19785
1731
18140
3641
6602
34356
6349
10686
5152
15056
6949
17432
3333
1590
1540
21347
2969
3676
1005
3786
4941
15218
15978
8851
4651
14977
3264
10467
21582
4720
3470
8574
2588
5604
21464
13344
4345
3638
13678
7108
7285
2383
15494
8655
7798
9398
8764
3452
21487
10911
10746
6805
6743
26704
14494
5149
5071
6753
5779
13538
14133
19571
0
4765
3239
4764
10145
0
10383
8600
14591
2862
2856
10988
20910
6164
19355
1951
7064
3239
1413
7129
6541
8142
9369
14421
3954
18187
12677
2379
14711
11917
13953
8514
9145
2740
12243
8693
7619
11814
5539
6908
7036
6347
2040
0
3899
1848
7810
6596
8944
2082
10176
2821
25066
4370
5544
5585
3924
10006
3203
9776
4187
3922
14607
6407
5721
7379
11889
11392
16659
2208
6869
2209
1987
10149
3521
6460
6041
22640
13079
3793
0
13922
2296
11465
2895
7094
9513
4274
18871
12168
1441
5783
2177
13183
15303
14078
14285
1687
1689
6068
1114
4595
11283
6714
4635
16789
17421
3703
26102
20944
11040
3399
6117
1409
17288
5444
1491
20497
5627
8572
5583
3854
2812
9139
6061
25555
2316
5360
21833
17342
2509
2514
2513
2515
7142
2323
27279
5634
7017
11893
5148
1221
1223
1215
1222
1220
1219
1224
1220
20853
2384
3936
3039
2941
2945
2932
15330
13776
0
15742
16264
2778
8811
1125
4841
10848
7169
18095
5060
2295
2291
2294
2294
2291
17855
15302
19885
3848
4327
5163
8546
6537
33965
17829
17177
2907
19798
7879
17279
2507
3845
20625
16801
18484
0
8556
8289
13733
17375
10080
3731
6401
12332
6256
10415
18097
22247
1604
8463
13733
16153
13915
12087
31144
24777
1014
22473
6709
18819
2519
32975
8373
4227
20736
15254
20378
25497
8687
1949
4433
5433
20389
2387
15242
4272
6223
3212
1356
1204
1321
1261
8968
12922
12809
0
1579
19808
3078
23542
19947
13331
1270
1273
1266
1275
1242
3056
5627
13823
9394
1725
16308
10280
8972
7382
10636
9087
3883
9680
2450
7046
0
6924
10402
4903
12615
3554
9861
11345
2944
6573
2486
2324
2330
2323
13609
11213
13828
8801
4540
12379
10202
1834
2637
15117
1046
9939
10691
14069
11598
11670
17663
7539
10060
11756
2783
9852
2322
2212
7944
0
6261
7177
2968
13901
5954
8267
17355
0
8037
13455
9746
2780
21328
4771
17935
14693
14573
7591
10100
24067
9320
9890
9092
10809
20914
4743
7134
18816
8174
19388
8888
30298
17615
11859
14313
3411
16821
1057
5454
1756
1707
4077
9001
17701
3683
3394
3773
3888
6053
4462
6185
6904
13701
1006
6742
23586
24636
1314
8708
2559
18899
24386
5519
21803
11821
3498
2663
34970
10228
17790
2557
3728
1699
5026
4426
4431
6642
3167
19125
8121
13254
2603
3975
6985
15990
3068
1537
6466
22104
7921
8136
19005
2277
2309
11635
17673
10647
30600
0
0
10277
27005
9875
13784
8069
18526
4380
3870
17894
11420
7233
15967
25809
3073
29104
1018
3694
15936
3312
6625
2624
4874
2911
9672
4405
8260
6696
9928
15118
26027
0
1572
2151
12368
2397
14215
17446
17125
18012
1919
19563
8247
10822
3332
5551
8179
7303
1268
1389
7630
9302
3047
15512
26613
3946
11062
1099
23531
5274
24097
3241
8239
6520
5062
15626
15166
15577
10575
1505
3162
2331
16621
9963
12733
1989
20149
11078
6209
15432
19031
15134
11536
15807
15291
18325
5412
2722
2712
13117
2179
5786
5209
13753
3855
14318
1945
18435
16826
20857
5768
18241
11081
18938
3349
3884
8654
4320
9778
22227
1222
22220
7881
3143
10447
5952
13975
9026
1820
19887
15464
11070
8761
1141
5557
12451
8652
1845
14917
11107
22620
7814
10172
14763
2860
11574
8647
1416
18518
15233
22474
9749
8646
6541
1329
2582
2577
7459
21583
0
10014
0
13433
6805
9340
3215
9466
3185
12571
5724
2347
2804
17922
11054
13049
5218
5101
4804
1687
6816
5372
1939
1938
1929
1936
9655
1392
11756
19279
30505
17753
4090
17186
17145
2585
17395
7282
1745
1593
1592
10927
1680
1651
1625
14090
5890
9710
13372
0
15685
6133
5954
7752
7015
2713
4320
20177
9185
4771
9000
11483
4981
12493
4512
23927
22183
4844
17505
7427
9035
16547
2401
2831
1893
29816
4506
13680
8532
3299
11315
11439
16212
21859
3768
5548
13755
14874
9983
14147
12639
13813
0
2637
2636
2620
19196
25933
17622
19911
8861
4473
13746
11882
10449
6225
6300
17254
12132
20756
7512
7580
16468
1124
1534
8445
5919
1323
0
22948
2903
24837
8883
10887
5783
7571
10151
9970
12805
0
0
10718
17841
6544
5167
1460
6320
2353
12021
13675
19732
15309
22848
9417
3801
19633
6690
8294
4050
3253
12222
10036
8027
6647
17158
9169
16170
8950
0
19502
5577
5562
19302
11494
1889
7100
9010
9439
6984
1934
24980
6118
2959
10624
17877
6835
3499
8519
16426
8110
1529
9881
6105
1105
18513
6011
6201
22443
10261
18012
22208
11713
20186
14061
13443
10323
23541
0
19523
6042
13795
13159
2562
9433
0
4470
6122
5220
10576
21740
6938
8805
8407
21719
1519
1431
17840
19978
19916
21182
23834
18520
17757
2398
3149
18882
8153
1999
11768
6761
3211
14014
2033
5942
15304
4535
19438
5226
10904
1606
18111
14591
5019
19172
11836
6297
1784
1475
18450
28431
2663
5670
2023
1674
1562
1562
1517
1557
1497
1357
10709
11661
3205
10094
18255
17659
4614
28590
7779
15604
1710
25185
18009
4382
8189
26138
16113
13506
2223
4360
17376
6814
1380
2022
3333
9204
10331
26111
1234
4468
2616
13285
3964
16121
5520
21454
6303
11607
12578
3140
6392
21022
3158
12232
8285
10065
2263
3884
2473
1999
18933
15910
11822
2043
14059
17357
5601
7017
18032
17217
12026
16467
8303
0
0
0
4891
4819
3196
8356
4250
1784
1319
1143
2984
1158
1182
6718
4193
5954
7229
21122
14866
2672
6821
3934
4318
12438
15887
14813
9863
6184
6001
11014
10423
10104
1956
2108
3300
6475
13128
10650
4945
5320
4334
1214
1217
1210
1208
1210
1201
1208
4566
3471
4496
1476
9717
21818
9868
6795
2514
14333
9177
9732
1381
2474
15875
3021
3015
1481
1563
1741
9091
12308
5120
4270
6172
21934
19977
4237
5830
5761
2080
10285
20270
21405
9598
10342
25040
1788
6031
6557
11894
10368
1546
0
12202
10708
2188
2181
2174
2174
2173
18263
22566
9429
13540
19228
11294
5779
5766
19747
16368
1939
1791
1138
16904
5391
1622
1617
1622
11453
7705
6666
14155
2363
3720
17629
15801
1088
10869
13747
1596
6949
22089
7809
11185
2721
8135
2941
7257
14104
3159
7434
7530
20520
7150
2917
8229
3329
25559
7645
18559
1628
1671
1620
7076
1185
1186
1007
1960
11437
27524
2383
11827
23014
2224
6685
2273
13532
14158
5553
1474
11166
20518
16264
10341
11998
11628
4583
1590
6841
3380
20878
4337
15643
1797
0
10441
5259
1910
9980
3098
2941
6923
11367
1513
2772
1025
4156
2083
20670
0
2391
9743
1967
2948
22287
3036
14906
5155
20907
5886
5668
11793
14889
8807
1646
5637
11450
33332
12483
3733
3419
12347
11196
22906
19876
27412
1370
18635
8471
1546
6435
5636
5561
4326
8149
3485
19707
3270
3101
0
8621
4101
25877
1411
16663
14716
1118
11975
1708
3011
16713
1595
17108
1904
6711
10560
1123
18545
11755
9720
10740
8634
2848
2845
4605
3416
1786
1795
2577
2578
16710
11384
17292
9860
13327
39864
1946
18836
18910
4915
4911
4912
10957
3483
23140
9397
18981
3313
20281
3604
3531
0
0
7341
9075
16235
18143
11419
15475
18340
3478
3466
12360
7959
22426
9946
0
15793
7870
10348
6354
0
2547
3751
7051
3068
33948
6058
9202
1922
1763
5087
23929
22711
6693
9230
7290
10086
3634
6081
2091
2033
1841
2634
2632
2635
7389
7390
18819
3102
1085
1075
19761
10037
1981
22005
9733
16590
14504
14931
17531
20653
13169
18894
1093
13168
5219
3873
2801
3918
6827
1636
1721
4364
3815
17224
7996
3854
1385
13970
3424
17931
14036
7435
3751
6443
2991
17545
3627
1729
1746
18306
2048
26330
1881
4148
5198
6118
3449
13222
7162
10135
1926
3368
20588
11235
3608
6460
14354
11154
22199
5373
20983
3270
3146
3145
23763
24883
10913
1347
7503
1846
3438
6735
4390
2658
9263
4805
10108
0
23210
18065
8078
18532
1726
2082
14214
19697
9287
1454
3113
9387
23084
4461
17950
8505
6790
9114
12126
22155
15257
2218
19154
8599
6414
2981
3932
3933
8947
10151
19702
9468
17754
0
4478
9694
26055
3414
25958
13985
15598
3580
7065
10872
7168
30734
6371
25168
1799
15015
13563
13642
13416
1360
9947
18577
8324
3877
3361
0
9511
0
20681
20751
14312
1227
16026
19582
5822
1894
29766
5503
7012
13056
17453
7152
9947
7017
6324
6378
1969
1970
13794
14189
21878
17757
8211
4945
13099
9698
