1000
1001
1001
1002
1003
1004
1004
1007
1008
1008
1008
1011
1011
1014
1014
1015
1017
1018
1018
1018
1020
1021
1021
1024
1025
1025
1026
1026
1027
1028
1031
1031
1033
1035
1036
1036
1038
1039
1040
1040
1040
1041
1041
1042
1042
1044
1046
1046
1046
1046
1047
1048
1048
1049
1050
1053
1054
1056
1056
1057
1057
1058
1058
1059
1059
1060
1061
1063
1063
1067
1069
1074
1076
1077
1079
1080
1080
1080
1081
1083
1083
1083
1085
1086
1086
1087
1087
1087
1088
1088
1089
1089
1089
1089
1090
1091
1093
1093
1093
1094
1094
1096
1096
1097
1097
1098
1099
1099
1099
1099
1099
1104
1104
1104
1105
1105
1106
1107
1108
1109
1109
1109
1112
1112
1114
1115
1115
1115
1116
1117
1117
1117
1117
1118
1120
1121
1121
1121
1121
1122
1122
1122
1122
1123
1124
1127
1127
1128
1129
1130
1131
1131
1131
1131
1131
1132
1135
1136
1138
1139
1139
1140
1140
1141
1141
1141
1141
1142
1142
1143
1143
1144
1146
1147
1149
1151
1152
1153
1153
1153
1154
1156
1157
1157
1157
1159
1159
1159
1159
1159
1160
1161
1161
1161
1162
1162
1162
1163
1163
1164
1166
1166
1166
1166
1166
1168
1168
1171
1172
1173
1173
1173
1175
1175
1178
1178
1179
1179
1180
1180
1181
1181
1182
1184
1184
1185
1185
1186
1186
1187
1187
1187
1187
1188
1188
1188
1188
1190
1191
1191
1192
1193
1193
1195
1195
1195
1196
1196
1197
1198
1200
1200
1201
1201
1203
1203
1203
1204
1205
1205
1206
1206
1207
1208
1209
1210
1213
1214
1214
1216
1217
1218
1219
1219
1219
1221
1221
1221
1222
1222
1222
1223
1224
1224
1224
1224
1225
1225
1226
1226
1227
1230
1230
1230
1231
1231
1232
1233
1233
1233
1234
1235
1235
1236
1236
1237
1237
1238
1238
1238
1239
1241
1241
1242
1242
1243
1243
1244
1246
1247
1247
1249
1249
1249
1251
1251
1252
1252
1254
1254
1254
1255
1257
1259
1259
1261
1261
1264
1265
1265
1265
1265
1267
1267
1267
1269
1273
1274
1274
1275
1276
1276
1280
1280
1281
1282
1282
1282
1282
1283
1283
1283
1284
1286
1287
1288
1289
1289
1292
1293
1293
1294
1294
1295
1295
1297
1299
1299
1301
1301
1301
1302
1302
1306
1308
1309
1309
1309
1311
1311
1312
1312
1312
1313
1314
1315
1316
1316
1316
1316
1317
1317
1319
1319
1319
1320
1320
1321
1321
1321
1321
1321
1321
1322
1323
1323
1323
1324
1324
1325
1328
1328
1329
1330
1330
1331
1331
1332
1332
1332
1333
1333
1333
1333
1333
1337
1338
1338
1338
1339
1339
1339
1339
1340
1341
1342
1343
1343
1345
1346
1347
1348
1349
1350
1350
1351
1351
1351
1352
1352
1352
1354
1355
1355
1355
1355
1356
1356
1356
1357
1358
1358
1359
1359
1359
1360
1360
1360
1362
1362
1363
1364
1364
1365
1365
1366
1366
1367
1367
1367
1368
1369
1370
1371
1373
1375
1375
1376
1377
1377
1377
1378
1379
1379
1381
1383
1383
1383
1385
1387
1389
1389
1390
1390
1390
1390
1391
1391
1392
1393
1395
1395
1395
1396
1396
1396
1398
1398
1398
1399
1399
1399
1400
1400
1400
1400
1400
1400
1402
1402
1403
1403
1404
1404
1405
1405
1405
1405
1405
1405
1409
1410
1411
1411
1413
1414
1414
1414
1414
1416
1417
1419
1420
1420
1422
1422
1424
1424
1425
1425
1426
1428
1428
1429
1429
1431
1431
1432
1433
1433
1434
1434
1436
1436
1436
1436
1437
1437
1438
1438
1438
1441
1442
1442
1442
1442
1443
1444
1444
1445
1446
1447
1447
1448
1448
1448
1449
1449
1449
1451
1451
1451
1451
1452
1452
1454
1454
1454
1456
1456
1457
1457
1458
1459
1459
1459
1460
1460
1460
1461
1461
1462
1464
1464
1465
1465
1466
1466
1466
1467
1467
1468
1470
1470
1471
1471
1472
1474
1474
1475
1476
1478
1478
1479
1479
1480
1480
1481
1481
1482
1482
1483
1483
1486
1486
1488
1489
1490
1490
1491
1491
1491
1491
1492
1492
1493
1494
1494
1496
1497
1497
1497
1497
1498
1498
1499
1499
1499
1500
1500
1500
1501
1502
1502
1502
1502
1502
1502
1502
1503
1503
1503
1504
1504
1505
1506
1507
1508
1509
1510
1511
1512
1512
1513
1513
1513
1513
1514
1514
1514
1515
1516
1516
1516
1519
1519
1519
1519
1519
1519
1520
1520
1520
1520
1521
1521
1521
1521
1522
1522
1522
1522
1523
1523
1524
1524
1525
1525
1526
1527
1528
1528
1529
1529
1530
1532
1534
1535
1535
1536
1536
1536
1537
1538
1539
1539
1540
1540
1540
1541
1542
1543
1543
1544
1544
1545
1547
1547
1549
1549
1550
1552
1553
1553
1553
1554
1555
1555
1556
1557
1557
1558
1558
1558
1559
1559
1560
1560
1560
1560
1562
1562
1563
1564
1565
1565
1565
1565
1565
1566
1567
1568
1568
1569
1571
1571
1571
1571
1572
1572
1573
1573
1574
1574
1574
1575
1576
1576
1576
1576
1577
1578
1578
1578
1579
1579
1579
1580
1580
1581
1582
1582
1583
1584
1586
1588
1588
1589
1589
1589
1589
1590
1590
1591
1592
1592
1593
1593
1594
1594
1594
1595
1595
1595
1597
1598
1598
1599
1600
1600
1600
1601
1601
1602
1602
1604
1606
1606
1607
1607
1607
1608
1608
1609
1610
1610
1612
1613
1614
1615
1615
1616
1617
1619
1621
1622
1622
1623
1623
1623
1623
1624
1624
1624
1625
1626
1626
1627
1627
1628
1628
1629
1631
1632
1632
1633
1634
1635
1635
1636
1636
1637
1638
1640
1640
1641
1643
1644
1644
1645
1646
1646
1646
1647
1647
1647
1648
1649
1649
1650
1650
1650
1651
1651
1652
1652
1653
1653
1654
1654
1654
1655
1656
1656
1657
1659
1659
1659
1660
1662
1663
1665
1665
1665
1665
1666
1667
1667
1667
1668
1668
1669
1670
1671
1671
1672
1672
1672
1672
1673
1674
1674
1675
1678
1680
1680
1680
1681
1681
1682
1682
1682
1683
1684
1685
1685
1685
1686
1686
1686
1687
1687
1687
1688
1688
1690
1691
1691
1691
1691
1691
1692
1692
1692
1693
1694
1694
1694
1696
1696
1696
1696
1697
1697
1698
1698
1699
1700
1701
1701
1703
1706
1706
1707
1708
1708
1709
1710
1711
1712
1712
1712
1713
1713
1714
1715
1716
1717
1717
1717
1717
1719
1719
1719
1719
1722
1722
1725
1725
1726
1727
1727
1728
1729
1729
1729
1729
1729
1730
1730
1731
1731
1731
1732
1735
1736
1736
1738
1740
1741
1742
1743
1743
1744
1744
1745
1745
1745
1747
1747
1747
1748
1749
1749
1751
1752
1752
1753
1753
1754
1754
1754
1755
1757
1757
1757
1757
1757
1760
1761
1762
1762
1763
1764
1764
1764
1765
1766
1766
1766
1767
1767
1767
1768
1768
1770
1771
1771
1771
1773
1773
1775
1775
1776
1776
1777
1778
1778
1779
1780
1780
1780
1780
1781
1782
1784
1785
1787
1787
1787
1788
1789
1791
1792
1792
1792
1792
1793
1794
1794
1794
1795
1795
1795
1796
1798
1798
1798
1799
1799
1799
1800
1800
1801
1806
1806
1806
1806
1808
1809
1811
1812
1814
1814
1814
1816
1818
1818
1819
1820
1823
1823
1823
1823
1823
1825
1825
1825
1826
1826
1827
1829
1829
1832
1832
1833
1833
1833
1836
1836
1836
1837
1838
1839
1840
1840
1840
1842
1843
1843
1843
1846
1846
1847
1848
1848
1849
1849
1849
1849
1851
1851
1851
1851
1851
1851
1852
1853
1853
1854
1854
1854
1855
1856
1856
1856
1859
1859
1861
1863
1863
1864
1864
1864
1866
1868
1868
1868
1869
1870
1870
1871
1872
1873
1874
1874
1875
1875
1875
1876
1880
1881
1881
1881
1883
1883
1886
1886
1886
1886
1887
1887
1888
1888
1888
1888
1889
1890
1891
1892
1893
1893
1894
1894
1894
1896
1897
1897
1898
1899
1900
1900
1901
1903
1903
1904
1904
1906
1906
1906
1906
1908
1908
1911
1911
1911
1912
1912
1915
1915
1917
1918
1918
1919
1919
1919
1919
1920
1921
1921
1921
1922
1922
1923
1923
1923
1924
1924
1924
1925
1925
1926
1926
1926
1927
1927
1928
1928
1928
1928
1929
1929
1929
1930
1931
1932
1934
1934
1934
1935
1935
1938
1938
1938
1939
1940
1941
1941
1942
1942
1942
1945
1945
1945
1945
1947
1947
1947
1948
1948
1948
1949
1949
1950
1950
1951
1952
1952
1954
1954
1954
1955
1955
1956
1956
1956
1957
1958
1960
1960
1960
1961
1962
1962
1963
1963
1965
1965
1966
1967
1967
1967
1969
1969
1971
1971
1972
1972
1972
1974
1976
1977
1978
1979
1979
1980
1980
1983
1985
1986
1986
1986
1986
1988
1991
1991
1992
1992
1993
1993
1994
1997
1997
1997
2000
2000
2001
2002
2002
2003
2003
2003
2004
2004
2005
2009
2009
2012
2012
2013
2014
2014
2016
2017
2017
2018
2018
2018
2019
2020
2020
2021
2021
2021
2021
2022
2023
2023
2027
2029
2029
2029
2030
2030
2030
2030
2031
2031
2032
2032
2032
2033
2033
2034
2034
2034
2036
2036
2038
2038
2038
2039
2039
2041
2041
2041
2042
2042
2042
2043
2043
2043
2045
2047
2047
2049
2049
2051
2051
2051
2052
2052
2054
2054
2054
2055
2056
2056
2056
2057
2057
2057
2058
2058
2058
2060
2060
2060
2061
2061
2061
2062
2063
2063
2066
2066
2068
2069
2069
2069
2071
2071
2072
2072
2073
2073
2073
2076
2077
2077
2077
2077
2079
2079
2080
2081
2081
2081
2081
2082
2082
2082
2082
2083
2083
2084
2084
2085
2085
2086
2086
2088
2089
2090
2092
2093
2094
2094
2095
2097
2099
2101
2103
2103
2105
2106
2108
2108
2109
2109
2110
2110
2111
2112
2113
2113
2114
2114
2114
2114
2117
2117
2117
2118
2118
2121
2122
2125
2125
2126
2127
2127
2128
2129
2131
2132
2133
2134
2135
2135
2136
2136
2137
2138
2139
2140
2140
2141
2141
2141
2142
2143
2144
2144
2146
2146
2147
2148
2149
2151
2151
2152
2153
2153
2153
2153
2153
2154
2155
2156
2156
2156
2157
2158
2158
2158
2159
2160
2163
2164
2165
2168
2168
2170
2170
2170
2172
2172
2174
2175
2176
2177
2177
2177
2177
2178
2179
2181
2181
2182
2182
2183
2183
2184
2184
2185
2186
2187
2187
2187
2187
2187
2188
2188
2188
2189
2190
2190
2191
2192
2193
2193
2193
2194
2196
2197
2198
2198
2199
2199
2200
2200
2200
2200
2201
2202
2203
2203
2206
2206
2207
2207
2208
2208
2209
2209
2210
2210
2211
2211
2211
2212
2212
2212
2212
2213
2213
2213
2213
2213
2214
2214
2215
2215
2216
2216
2217
2218
2219
2219
2220
2220
2220
2221
2222
2223
2223
2224
2225
2225
2226
2226
2228
2231
2231
2231
2231
2232
2233
2234
2235
2236
2236
2239
2239
2239
2239
2240
2240
2241
2241
2242
2242
2242
2242
2243
2243
2245
2246
2247
2247
2247
2250
2250
2251
2251
2252
2253
2253
2254
2254
2254
2254
2254
2255
2255
2255
2258
2259
2263
2263
2264
2265
2265
2265
2266
2266
2267
2267
2270
2270
2270
2271
2272
2272
2273
2274
2274
2277
2278
2278
2278
2279
2279
2280
2280
2280
2282
2283
2283
2286
2286
2287
2288
2289
2290
2290
2290
2293
2293
2293
2296
2298
2298
2299
2299
2300
2301
2302
2302
2303
2303
2305
2305
2305
2305
2307
2308
2308
2308
2309
2309
2310
2310
2310
2312
2313
2314
2315
2315
2315
2315
2318
2318
2318
2319
2320
2322
2322
2322
2323
2325
2326
2327
2327
2327
2329
2330
2330
2330
2331
2332
2333
2334
2336
2337
2337
2338
2338
2339
2341
2342
2343
2344
2347
2348
2348
2349
2349
2350
2351
2352
2353
2354
2355
2355
2356
2358
2360
2361
2361
2362
2362
2363
2363
2363
2367
2368
2368
2368
2370
2370
2371
2372
2374
2375
2375
2376
2376
2377
2377
2377
2378
2379
2380
2382
2383
2386
2386
2387
2388
2389
2389
2389
2389
2389
2389
2389
2392
2394
2394
2395
2396
2396
2396
2396
2397
2397
2398
2398
2398
2398
2399
2399
2402
2405
2405
2406
2406
2407
2408
2408
2409
2411
2411
2411
2412
2413
2413
2413
2414
2414
2416
2416
2416
2417
2419
2419
2419
2419
2421
2421
2421
2422
2422
2422
2423
2424
2425
2426
2426
2428
2429
2429
2429
2430
2430
2431
2432
2433
2433
2436
2436
2437
2437
2438
2438
2438
2444
2445
2445
2446
2446
2446
2446
2446
2448
2448
2449
2449
2450
2450
2451
2453
2453
2454
2454
2457
2457
2457
2458
2458
2458
2459
2460
2461
2464
2466
2466
2466
2467
2468
2470
2470
2471
2472
2473
2473
2473
2473
2473
2474
2475
2476
2476
2477
2477
2477
2477
2478
2478
2480
2481
2482
2482
2482
2483
2483
2483
2484
2484
2484
2486
2486
2486
2488
2488
2489
2491
2491
2492
2493
2494
2494
2495
2496
2497
2497
2499
2499
2500
2501
2502
2502
2502
2503
2503
2503
2503
2504
2504
2505
2506
2507
2507
2508
2511
2511
2511
2512
2512
2512
2513
2515
2515
2515
2518
2523
2524
2525
2525
2527
2527
2531
2532
2533
2533
2534
2535
2536
2537
2537
2537
2539
2540
2540
2541
2542
2542
2542
2543
2544
2544
2545
2545
2546
2547
2547
2549
2549
2549
2549
2550
2550
2550
2552
2553
2554
2554
2555
2556
2558
2559
2559
2559
2560
2560
2561
2562
2562
2562
2562
2563
2564
2564
2565
2566
2566
2567
2568
2568
2568
2569
2569
2571
2571
2573
2574
2575
2575
2575
2575
2576
2576
2577
2577
2577
2578
2579
2580
2581
2581
2582
2582
2583
2583
2584
2585
2585
2585
2585
2588
2589
2590
2590
2590
2591
2594
2595
2596
2597
2599
2600
2600
2601
2601
2603
2603
2603
2605
2606
2607
2609
2609
2610
2612
2612
2612
2613
2614
2616
2617
2617
2618
2620
2620
2620
2621
2622
2622
2623
2624
2624
2624
2625
2626
2626
2626
2627
2627
2628
2629
2629
2629
2629
2629
2630
2630
2634
2634
2634
2634
2635
2636
2636
2637
2638
2638
2638
2638
2639
2640
2641
2641
2642
2642
2642
2643
2646
2646
2646
2648
2649
2649
2649
2650
2650
2651
2652
2652
2652
2652
2652
2653
2653
2657
2659
2660
2661
2662
2663
2664
2664
2666
2666
2667
2668
2668
2669
2670
2670
2671
2672
2674
2675
2675
2675
2677
2677
2678
2678
2678
2679
2679
2679
2680
2680
2680
2680
2681
2682
2683
2683
2685
2686
2686
2686
2688
2689
2689
2689
2690
2690
2690
2691
2692
2692
2693
2693
2693
2693
2694
2695
2697
2698
2700
2700
2701
2701
2701
2702
2702
2703
2703
2703
2704
2704
2704
2705
2706
2706
2707
2707
2708
2708
2709
2710
2711
2712
2712
2712
2713
2713
2716
2716
2718
2718
2720
2721
2722
2724
2724
2725
2726
2726
2727
2728
2728
2728
2730
2730
2730
2732
2733
2733
2734
2735
2736
2739
2739
2739
2739
2740
2740
2741
2742
2742
2743
2743
2744
2745
2746
2748
2748
2749
2749
2749
2750
2752
2753
2753
2753
2753
2754
2754
2757
2757
2757
2757
2759
2760
2762
2764
2764
2767
2768
2771
2771
2772
2772
2772
2774
2775
2776
2776
2778
2778
2779
2779
2780
2781
2782
2783
2783
2784
2785
2785
2787
2787
2790
2791
2791
2792
2792
2793
2794
2794
2795
2795
2797
2798
2799
2800
2801
2801
2801
2802
2802
2803
2804
2805
2806
2806
2807
2810
2812
2812
2814
2814
2815
2815
2816
2816
2818
2818
2818
2819
2820
2821
2821
2822
2824
2826
2826
2827
2827
2828
2828
2830
2834
2834
2834
2835
2835
2836
2837
2837
2837
2837
2838
2840
2841
2844
2844
2845
2846
2846
2849
2849
2849
2850
2851
2852
2853
2853
2853
2854
2854
2854
2857
2857
2857
2857
2859
2859
2859
2860
2860
2861
2862
2862
2862
2863
2863
2863
2863
2865
2866
2867
2869
2870
2871
2871
2872
2872
2872
2874
2876
2877
2877
2877
2878
2879
2879
2880
2880
2881
2881
2883
2884
2884
2885
2886
2886
2887
2887
2888
2888
2889
2889
2889
2889
2891
2892
2892
2893
2893
2894
2895
2895
2895
2896
2897
2898
2899
2900
2901
2902
2903
2903
2904
2904
2904
2905
2905
2905
2907
2907
2908
2908
2909
2911
2911
2911
2911
2912
2912
2913
2913
2914
2914
2915
2915
2916
2916
2919
2919
2920
2920
2921
2922
2924
2925
2926
2927
2927
2931
2932
2932
2933
2933
2934
2934
2935
2936
2936
2937
2939
2939
2941
2942
2943
2943
2944
2944
2947
2948
2949
2949
2950
2950
2951
2953
2956
2956
2958
2960
2960
2960
2962
2962
2963
2964
2965
2965
2967
2967
2968
2969
2970
2971
2972
2972
2973
2973
2979
2979
2982
2982
2985
2985
2986
2987
2988
2990
2991
2991
2993
2994
2994
2994
2997
3002
3004
3005
3007
3009
3010
3010
3011
3011
3011
3012
3016
3016
3017
3018
3018
3019
3021
3021
3021
3021
3022
3023
3023
3024
3025
3025
3025
3026
3027
3030
3030
3031
3033
3033
3034
3036
3036
3036
3037
3037
3038
3039
3039
3039
3040
3040
3040
3041
3041
3041
3042
3043
3044
3045
3045
3045
3046
3047
3047
3047
3048
3048
3049
3050
3051
3053
3054
3055
3056
3057
3058
3059
3059
3060
3061
3063
3064
3065
3065
3066
3067
3067
3069
3070
3070
3071
3072
3073
3074
3074
3075
3076
3077
3078
3078
3079
3082
3082
3083
3083
3085
3085
3085
3086
3086
3088
3089
3091
3093
3093
3093
3093
3093
3095
3095
3096
3096
3097
3099
3100
3101
3102
3104
3105
3106
3107
3107
3108
3108
3109
3112
3113
3113
3114
3115
3115
3115
3116
3117
3117
3118
3120
3121
3121
3123
3123
3123
3124
3124
3124
3125
3125
3126
3128
3128
3128
3131
3132
3132
3133
3133
3134
3135
3135
3135
3136
3136
3137
3138
3138
3138
3140
3140
3142
3143
3144
3145
3146
3147
3150
3151
3153
3154
3158
3159
3159
3160
3160
3160
3161
3161
3161
3162
3162
3163
3163
3164
3164
3165
3166
3166
3168
3169
3170
3170
3171
3171
3172
3172
3172
3172
3173
3176
3179
3180
3181
3181
3183
3183
3185
3185
3186
3188
3189
3189
3190
3190
3191
3192
3192
3195
3199
3199
3201
3201
3204
3205
3206
3206
3206
3207
3210
3212
3213
3215
3216
3217
3217
3217
3217
3217
3218
3220
3221
3221
3222
3223
3223
3223
3225
3226
3226
3227
3227
3227
3228
3228
3229
3229
3229
3233
3234
3237
3238
3238
3238
3239
3239
3240
3241
3241
3242
3245
3247
3251
3251
3251
3252
3254
3255
3257
3257
3260
3262
3262
3262
3262
3263
3263
3264
3265
3266
3266
3267
3267
3267
3269
3270
3275
3276
3276
3278
3279
3279
3280
3280
3281
3283
3283
3283
3284
3285
3289
3289
3290
3292
3292
3292
3293
3294
3295
3297
3297
3298
3298
3299
3302
3302
3302
3304
3304
3306
3306
3307
3307
3310
3312
3313
3315
3315
3318
3319
3319
3321
3321
3322
3322
3323
3323
3324
3325
3326
3326
3326
3326
3329
3330
3330
3332
3332
3333
3334
3335
3336
3337
3338
3338
3338
3339
3339
3340
3341
3342
3342
3343
3344
3344
3348
3350
3350
3350
3352
3353
3354
3355
3356
3359
3360
3361
3361
3361
3362
3362
3362
3363
3363
3363
3363
3364
3368
3369
3370
3371
3373
3373
3374
3374
3374
3377
3377
3378
3379
3379
3380
3380
3381
3382
3382
3383
3383
3387
3387
3387
3388
3389
3389
3390
3390
3391
3393
3395
3395
3396
3396
3397
3397
3399
3399
3400
3403
3404
3404
3404
3405
3406
3410
3410
3411
3412
3413
3414
3414
3414
3415
3416
3419
3419
3420
3422
3422
3425
3426
3427
3427
3431
3431
3432
3432
3433
3435
3435
3437
3437
3438
3439
3440
3440
3443
3443
3444
3444
3445
3446
3446
3447
3447
3447
3447
3450
3451
3451
3451
3453
3454
3455
3457
3458
3459
3460
3460
3461
3462
3462
3465
3466
3467
3467
3467
3468
3468
3470
3474
3474
3475
3477
3478
3478
3479
3479
3479
3480
3480
3481
3481
3481
3483
3483
3483
3483
3485
3486
3486
3486
3486
3492
3494
3497
3498
3499
3500
3501
3503
3503
3504
3504
3505
3509
3510
3510
3512
3512
3514
3515
3515
3515
3516
3516
3517
3517
3517
3519
3520
3520
3525
3526
3529
3530
3532
3533
3535
3535
3535
3535
3536
3537
3539
3541
3541
3541
3542
3542
3542
3543
3543
3546
3546
3550
3550
3551
3551
3553
3554
3555
3556
3556
3557
3557
3558
3559
3561
3561
3562
3564
3569
3570
3570
3571
3571
3572
3574
3574
3575
3576
3578
3579
3579
3580
3581
3581
3582
3583
3584
3588
3590
3591
3595
3599
3600
3601
3602
3603
3603
3604
3605
3606
3611
3614
3614
3615
3617
3618
3620
3621
3622
3625
3625
3626
3628
3630
3632
3634
3634
3635
3635
3635
3638
3638
3638
3639
3639
3640
3640
3640
3640
3641
3641
3642
3643
3643
3645
3645
3646
3646
3650
3651
3651
3652
3653
3654
3655
3656
3657
3659
3661
3661
3662
3663
3663
3663
3664
3664
3665
3665
3666
3667
3668
3668
3669
3670
3670
3671
3672
3672
3675
3675
3676
3677
3678
3678
3680
3684
3685
3685
3686
3687
3688
3689
3690
3690
3691
3691
3691
3693
3694
3694
3696
3699
3702
3703
3703
3705
3706
3706
3706
3708
3708
3709
3709
3710
3712
3712
3714
3714
3716
3717
3718
3718
3720
3721
3721
3722
3722
3724
3726
3726
3726
3727
3727
3730
3730
3730
3730
3731
3732
3732
3733
3736
3736
3736
3737
3739
3740
3740
3741
3742
3742
3743
3744
3745
3746
3748
3748
3748
3749
3749
3749
3750
3752
3752
3753
3753
3754
3755
3755
3757
3757
3757
3759
3763
3764
3764
3765
3765
3766
3767
3768
3768
3769
3769
3771
3772
3772
3773
3773
3774
3774
3774
3774
3775
3776
3777
3777
3777
3778
3778
3779
3779
3780
3782
3782
3785
3785
3786
3786
3786
3787
3789
3790
3791
3793
3793
3793
3794
3799
3799
3800
3801
3801
3802
3802
3802
3802
3803
3803
3804
3804
3804
3807
3808
3810
3811
3813
3813
3814
3815
3816
3817
3818
3819
3819
3819
3822
3822
3822
3823
3824
3825
3828
3829
3830
3830
3832
3832
3833
3834
3834
3835
3835
3835
3835
3836
3838
3838
3840
3840
3845
3845
3846
3848
3848
3849
3850
3850
3851
3852
3853
3856
3856
3857
3858
3858
3858
3859
3859
3859
3861
3861
3865
3866
3867
3869
3870
3870
3873
3877
3880
3882
3882
3885
3885
3885
3885
3887
3887
3888
3888
3888
3889
3891
3893
3894
3896
3897
3897
3899
3900
3900
3901
3901
3902
3902
3902
3903
3904
3904
3905
3905
3905
3905
3907
3907
3907
3909
3910
3911
3911
3911
3911
3913
3914
3914
3916
3916
3918
3918
3919
3919
3922
3922
3922
3924
3925
3926
3927
3927
3927
3928
3928
3929
3929
3930
3930
3932
3933
3933
3934
3934
3936
3938
3941
3942
3942
3943
3944
3944
3944
3946
3946
3949
3950
3951
3952
3952
3955
3956
3957
3958
3960
3961
3965
3965
3965
3965
3969
3970
3976
3977
3977
3978
3979
3979
3980
3980
3982
3983
3983
3985
3985
3986
3986
3987
3990
3992
3992
3993
3993
3994
3995
3996
3997
3997
3998
3999
3999
4000
4002
4003
4004
4004
4008
4011
4014
4015
4016
4016
4021
4023
4025
4027
4027
4029
4029
4029
4030
4032
4032
4033
4036
4037
4037
4041
4044
4044
4044
4045
4046
4046
4048
4050
4052
4053
4053
4054
4054
4056
4057
4058
4058
4059
4061
4062
4064
4068
4068
4069
4072
4073
4074
4075
4076
4079
4080
4082
4083
4083
4083
4084
4084
4085
4086
4088
4089
4090
4090
4090
4090
4091
4092
4092
4093
4094
4098
4099
4101
4103
4106
4106
4111
4113
4113
4114
4115
4116
4118
4119
4125
4126
4128
4131
4132
4132
4133
4134
4135
4136
4136
4136
4136
4138
4138
4140
4141
4141
4142
4144
4146
4146
4148
4149
4150
4152
4152
4153
4155
4156
4157
4159
4161
4163
4163
4166
4168
4168
4169
4169
4170
4173
4174
4174
4175
4176
4177
4177
4178
4182
4182
4184
4186
4187
4187
4189
4190
4190
4191
4191
4192
4194
4195
4197
4197
4197
4202
4204
4204
4205
4207
4207
4210
4211
4212
4213
4215
4218
4218
4219
4219
4221
4226
4226
4226
4227
4229
4231
4233
4233
4234
4234
4237
4240
4240
4241
4242
4244
4250
4250
4251
4253
4257
4257
4258
4258
4259
4260
4260
4260
4263
4268
4268
4271
4271
4271
4273
4274
4275
4276
4278
4278
4279
4280
4282
4283
4283
4284
4285
4286
4287
4288
4289
4290
4290
4290
4290
4291
4293
4295
4295
4296
4298
4299
4299
4300
4300
4300
4301
4304
4306
4307
4309
4313
4316
4317
4318
4320
4321
4323
4326
4327
4327
4329
4330
4330
4331
4332
4332
4335
4339
4339
4342
4342
4345
4347
4348
4349
4350
4351
4354
4354
4355
4357
4358
4358
4360
4360
4361
4361
4364
4364
4364
4366
4369
4371
4374
4375
4376
4376
4377
4380
4385
4385
4390
4393
4394
4395
4396
4396
4397
4398
4399
4399
4399
4401
4401
4402
4406
4407
4408
4409
4409
4411
4412
4413
4413
4414
4414
4414
4417
4419
4420
4421
4421
4421
4422
4422
4423
4423
4425
4429
4430
4430
4430
4435
4436
4438
4438
4439
4441
4443
4445
4447
4447
4451
4452
4452
4453
4454
4456
4468
4469
4470
4474
4475
4476
4476
4478
4480
4481
4483
4483
4485
4487
4489
4492
4493
4494
4498
4500
4501
4501
4502
4504
4507
4507
4510
4512
4513
4514
4514
4515
4515
4516
4516
4522
4523
4524
4525
4527
4527
4527
4527
4527
4529
4531
4532
4533
4534
4535
4537
4542
4543
4543
4544
4544
4546
4547
4548
4548
4548
4549
4551
4553
4553
4556
4556
4557
4557
4560
4561
4562
4566
4567
4568
4569
4572
4573
4574
4575
4576
4577
4577
4578
4580
4582
4583
4586
4587
4589
4589
4590
4590
4591
4592
4593
4593
4596
4596
4596
4602
4602
4605
4609
4612
4612
4613
4613
4614
4615
4617
4617
4617
4618
4620
4622
4623
4624
4625
4625
4628
4628
4632
4632
4634
4635
4635
4638
4640
4640
4640
4642
4645
4646
4646
4647
4647
4647
4648
4650
4650
4651
4652
4656
4657
4659
4659
4660
4662
4663
4663
4664
4666
4667
4669
4671
4672
4673
4676
4679
4680
4681
4683
4683
4687
4687
4687
4688
4689
4690
4690
4695
4695
4695
4696
4697
4699
4700
4701
4701
4703
4706
4710
4712
4714
4715
4717
4717
4721
4722
4725
4725
4726
4728
4728
4728
4729
4732
4732
4735
4736
4736
4737
4737
4741
4746
4748
4749
4753
4754
4754
4756
4757
4759
4759
4760
4764
4768
4768
4769
4771
4773
4773
4773
4774
4775
4777
4781
4783
4783
4783
4784
4789
4792
4793
4793
4793
4794
4794
4795
4795
4796
4796
4802
4808
4808
4808
4808
4809
4809
4810
4810
4811
4813
4814
4815
4816
4817
4818
4818
4823
4823
4824
4826
4827
4827
4827
4829
4831
4836
4836
4837
4838
4841
4842
4842
4842
4847
4848
4849
4851
4852
4855
4855
4856
4857
4858
4860
4862
4863
4866
4869
4869
4869
4870
4870
4871
4871
4872
4872
4873
4875
4878
4878
4882
4884
4885
4886
4889
4890
4890
4890
4891
4891
4891
4891
4893
4894
4896
4896
4897
4897
4899
4900
4900
4900
4901
4902
4903
4906
4908
4908
4911
4913
4913
4913
4917
4917
4920
4920
4920
4921
4922
4924
4924
4924
4925
4925
4925
4926
4926
4931
4933
4934
4935
4936
4937
4937
4940
4940
4941
4942
4942
4943
4947
4948
4948
4948
4950
4950
4951
4954
4954
4955
4955
4956
4956
4956
4956
4957
4958
4962
4964
4964
4965
4967
4968
4968
4969
4969
4971
4971
4972
4973
4973
4974
4974
4974
4975
4976
4977
4978
4979
4979
4980
4980
4981
4981
4983
4985
4986
4986
4986
4987
4987
4989
4991
4992
4993
4993
4994
4995
5001
5002
5003
5004
5006
5008
5009
5010
5011
5011
5011
5012
5012
5013
5017
5026
5027
5031
5032
5032
5034
5034
5035
5035
5037
5038
5038
5038
5043
5043
5044
5046
5046
5048
5048
5050
5050
5050
5052
5052
5053
5056
5057
5058
5059
5061
5067
5070
5070
5073
5074
5074
5075
5078
5078
5079
5079
5081
5081
5082
5082
5083
5084
5087
5087
5088
5089
5090
5095
5096
5096
5100
5101
5104
5106
5107
5108
5111
5111
5111
5112
5113
5113
5114
5115
5118
5119
5120
5122
5124
5127
5129
5129
5130
5130
5130
5132
5133
5133
5135
5135
5136
5137
5138
5138
5139
5142
5143
5143
5145
5145
5147
5150
5151
5152
5152
5153
5154
5154
5155
5157
5158
5160
5160
5161
5161
5163
5163
5164
5167
5167
5168
5177
5187
5189
5189
5190
5191
5193
5193
5193
5194
5196
5196
5197
5203
5204
5205
5207
5207
5208
5209
5211
5212
5212
5213
5214
5216
5219
5219
5224
5228
5233
5234
5235
5236
5237
5237
5238
5239
5240
5242
5242
5244
5246
5251
5252
5252
5254
5255
5256
5259
5260
5262
5262
5264
5264
5265
5266
5269
5273
5275
5275
5275
5275
5275
5279
5280
5280
5282
5283
5285
5285
5287
5288
5289
5289
5289
5291
5293
5295
5296
5299
5301
5301
5302
5303
5304
5304
5308
5308
5310
5310
5311
5312
5318
5320
5322
5323
5323
5325
5326
5329
5329
5330
5331
5331
5335
5337
5339
5345
5347
5348
5350
5351
5353
5353
5354
5356
5357
5358
5360
5362
5370
5370
5371
5373
5374
5374
5375
5377
5377
5378
5378
5379
5380
5380
5381
5381
5381
5382
5383
5385
5385
5387
5387
5388
5388
5393
5394
5395
5395
5401
5406
5406
5407
5407
5409
5413
5414
5415
5418
5420
5421
5422
5427
5427
5430
5432
5432
5432
5432
5434
5436
5438
5438
5440
5441
5442
5443
5448
5448
5450
5450
5451
5452
5453
5454
5455
5456
5456
5456
5456
5457
5457
5457
5458
5458
5461
5465
5473
5474
5474
5475
5477
5478
5478
5481
5482
5483
5485
5485
5491
5494
5495
5500
5500
5503
5504
5507
5508
5508
5508
5509
5509
5510
5511
5512
5514
5515
5517
5518
5518
5519
5525
5527
5528
5528
5529
5530
5531
5531
5535
5535
5535
5539
5539
5541
5542
5543
5544
5546
5550
5552
5557
5557
5561
5562
5562
5563
5564
5565
5570
5570
5570
5571
5573
5573
5574
5574
5581
5584
5586
5587
5589
5593
5594
5596
5598
5600
5602
5602
5603
5607
5608
5612
5612
5614
5614
5615
5616
5617
5617
5618
5620
5620
5624
5628
5631
5632
5633
5634
5640
5642
5642
5642
5642
5643
5644
5646
5647
5648
5649
5651
5652
5653
5653
5654
5654
5658
5661
5666
5667
5669
5669
5670
5670
5670
5671
5673
5674
5674
5675
5679
5679
5682
5683
5683
5684
5686
5687
5687
5687
5687
5689
5689
5693
5693
5693
5696
5697
5702
5706
5707
5709
5709
5710
5712
5714
5716
5717
5718
5722
5722
5722
5723
5723
5725
5728
5728
5730
5731
5731
5734
5737
5738
5738
5741
5744
5745
5746
5746
5748
5749
5749
5751
5753
5756
5763
5765
5766
5770
5771
5773
5776
5777
5780
5780
5780
5781
5782
5787
5792
5797
5799
5800
5802
5804
5806
5806
5806
5807
5808
5813
5816
5818
5819
5819
5820
5821
5822
5825
5825
5827
5831
5833
5833
5834
5836
5836
5836
5837
5837
5839
5839
5840
5841
5842
5842
5843
5847
5849
5850
5851
5851
5851
5852
5853
5853
5854
5854
5855
5856
5859
5859
5860
5861
5861
5862
5863
5866
5866
5867
5871
5871
5872
5875
5875
5876
5880
5881
5881
5882
5884
5885
5887
5892
5896
5896
5896
5898
5901
5903
5904
5905
5905
5907
5907
5909
5909
5912
5913
5915
5915
5915
5919
5923
5924
5930
5932
5932
5933
5935
5935
5937
5939
5939
5941
5941
5944
5945
5946
5947
5948
5950
5953
5959
5961
5965
5966
5968
5971
5971
5973
5980
5980
5985
5986
5989
5993
5994
5994
5997
5997
5997
5998
5998
5999
6001
6001
6002
6002
6004
6005
6007
6011
6012
6013
6014
6014
6014
6019
6028
6029
6034
6035
6037
6037
6040
6041
6041
6049
6050
6051
6052
6052
6053
6053
6053
6055
6056
6056
6057
6060
6062
6065
6071
6073
6074
6075
6080
6080
6082
6087
6087
6091
6092
6092
6092
6097
6097
6099
6101
6101
6102
6104
6104
6104
6104
6105
6108
6108
6110
6110
6112
6113
6114
6121
6122
6122
6123
6124
6127
6129
6131
6133
6133
6135
6136
6137
6139
6139
6140
6140
6141
6142
6147
6149
6150
6150
6150
6150
6152
6153
6155
6157
6158
6160
6162
6162
6163
6164
6164
6166
6171
6173
6174
6175
6176
6177
6177
6177
6181
6181
6182
6184
6184
6188
6188
6192
6193
6194
6195
6197
6198
6199
6199
6201
6202
6202
6205
6205
6205
6212
6215
6218
6218
6222
6223
6224
6224
6226
6227
6229
6231
6233
6234
6241
6243
6243
6243
6244
6245
6246
6248
6248
6250
6253
6254
6255
6256
6261
6264
6265
6265
6265
6267
6271
6272
6272
6275
6275
6277
6278
6279
6279
6279
6280
6286
6287
6289
6290
6294
6295
6296
6300
6304
6310
6312
6316
6316
6317
6320
6324
6328
6331
6332
6334
6335
6335
6342
6343
6345
6346
6348
6350
6351
6353
6355
6356
6357
6361
6362
6363
6364
6366
6367
6368
6369
6371
6371
6375
6379
6380
6382
6387
6394
6396
6398
6400
6400
6401
6401
6403
6404
6405
6406
6406
6407
6408
6409
6410
6410
6411
6413
6418
6419
6421
6423
6424
6424
6424
6431
6434
6434
6435
6436
6436
6437
6443
6443
6446
6448
6449
6452
6453
6453
6454
6456
6457
6457
6460
6460
6461
6464
6466
6467
6467
6468
6472
6473
6473
6474
6476
6476
6477
6478
6480
6480
6485
6488
6490
6493
6494
6495
6495
6495
6496
6497
6499
6500
6500
6502
6505
6511
6513
6515
6515
6519
6522
6524
6524
6525
6526
6527
6530
6532
6535
6538
6539
6541
6541
6541
6542
6544
6547
6548
6549
6551
6552
6553
6559
6561
6562
6564
6564
6565
6567
6569
6569
6569
6571
6572
6573
6578
6579
6582
6585
6588
6589
6589
6590
6591
6591
6592
6593
6594
6595
6598
6598
6598
6601
6603
6603
6605
6607
6607
6607
6612
6612
6614
6614
6618
6618
6619
6619
6620
6623
6626
6626
6627
6627
6627
6627
6629
6629
6631
6631
6635
6639
6640
6641
6641
6644
6646
6647
6651
6656
6657
6658
6658
6665
6667
6668
6668
6668
6669
6671
6675
6677
6677
6684
6685
6686
6689
6691
6694
6694
6695
6696
6696
6696
6697
6700
6701
6706
6708
6709
6713
6716
6718
6718
6722
6724
6731
6732
6734
6737
6737
6739
6740
6740
6743
6745
6745
6748
6750
6751
6752
6752
6752
6752
6754
6755
6760
6762
6763
6765
6768
6768
6770
6774
6774
6775
6776
6777
6781
6784
6785
6785
6786
6787
6791
6793
6793
6793
6795
6797
6799
6799
6806
6807
6809
6809
6809
6812
6813
6816
6816
6816
6817
6818
6821
6822
6824
6824
6825
6826
6828
6829
6831
6832
6833
6834
6835
6838
6839
6839
6840
6840
6841
6841
6843
6846
6848
6850
6851
6853
6855
6856
6858
6859
6860
6860
6862
6863
6864
6866
6868
6869
6872
6873
6874
6875
6875
6876
6877
6883
6885
6886
6888
6891
6894
6897
6900
6901
6903
6904
6905
6906
6909
6910
6912
6913
6914
6916
6917
6917
6924
6925
6925
6926
6929
6931
6931
6931
6933
6939
6944
6945
6945
6945
6946
6946
6946
6947
6948
6948
6948
6949
6949
6953
6953
6954
6955
6956
6958
6960
6962
6963
6963
6963
6966
6967
6968
6968
6974
6974
6974
6975
6977
6980
6980
6981
6983
6985
6988
6992
6992
6993
6993
6994
6996
6997
6998
6998
6999
7000
7004
7005
7009
7009
7009
7010
7012
7014
7015
7015
7015
7016
7016
7016
7017
7022
7024
7024
7025
7025
7030
7032
7034
7037
7041
7042
7047
7048
7049
7050
7051
7053
7053
7055
7055
7057
7059
7059
7059
7060
7067
7068
7071
7074
7075
7075
7077
7077
7081
7081
7082
7084
7085
7091
7092
7101
7104
7104
7104
7105
7105
7106
7107
7109
7116
7121
7122
7123
7124
7125
7131
7131
7132
7136
7136
7137
7138
7141
7141
7142
7142
7145
7146
7147
7147
7151
7154
7161
7161
7165
7168
7171
7172
7172
7173
7174
7175
7176
7176
7176
7178
7178
7181
7183
7184
7188
7188
7192
7192
7194
7194
7194
7197
7199
7201
7204
7205
7209
7211
7216
7217
7217
7218
7219
7219
7222
7222
7224
7224
7225
7226
7230
7231
7232
7235
7237
7238
7240
7241
7241
7243
7243
7248
7251
7251
7252
7252
7253
7255
7257
7257
7259
7261
7262
7263
7264
7264
7265
7266
7268
7271
7273
7275
7277
7277
7278
7278
7278
7279
7279
7283
7284
7285
7286
7286
7289
7291
7294
7295
7295
7296
7298
7299
7302
7303
7303
7304
7305
7307
7308
7308
7310
7312
7312
7313
7313
7314
7315
7319
7319
7321
7323
7323
7325
7325
7327
7331
7339
7341
7346
7346
7348
7348
7354
7356
7357
7358
7361
7363
7365
7366
7370
7370
7372
7372
7374
7376
7376
7381
7381
7383
7383
7383
7385
7389
7389
7390
7391
7391
7392
7392
7396
7399
7399
7404
7404
7405
7405
7407
7409
7409
7410
7410
7411
7413
7416
7419
7419
7423
7425
7425
7425
7425
7427
7428
7429
7429
7431
7433
7438
7438
7438
7439
7440
7442
7442
7442
7443
7443
7444
7447
7449
7453
7454
7457
7460
7462
7464
7464
7464
7467
7468
7470
7470
7473
7474
7481
7482
7482
7482
7483
7486
7489
7490
7491
7491
7491
7495
7496
7497
7499
7499
7501
7502
7503
7503
7504
7506
7508
7512
7519
7519
7520
7522
7523
7523
7524
7525
7526
7530
7532
7533
7535
7536
7537
7541
7543
7545
7546
7548
7550
7550
7551
7560
7561
7563
7564
7567
7567
7569
7570
7574
7574
7578
7578
7582
7585
7585
7587
7587
7588
7590
7597
7600
7601
7604
7605
7607
7608
7608
7609
7611
7612
7612
7613
7614
7614
7614
7617
7621
7623
7628
7629
7632
7632
7633
7636
7637
7638
7641
7643
7644
7644
7645
7651
7655
7655
7656
7661
7664
7664
7666
7667
7668
7669
7671
7673
7676
7676
7684
7685
7686
7686
7690
7691
7691
7691
7698
7700
7701
7702
7703
7705
7705
7705
7705
7708
7710
7712
7714
7718
7720
7721
7721
7723
7726
7726
7726
7726
7727
7728
7729
7732
7732
7733
7734
7736
7738
7738
7738
7739
7741
7743
7744
7745
7745
7752
7753
7753
7754
7756
7758
7758
7759
7759
7760
7761
7763
7764
7764
7765
7767
7770
7772
7774
7774
7776
7776
7778
7785
7785
7785
7786
7787
7789
7790
7790
7793
7794
7796
7797
7797
7798
7798
7801
7801
7801
7802
7803
7803
7803
7805
7805
7807
7818
7818
7819
7824
7825
7828
7828
7828
7831
7831
7833
7834
7835
7835
7835
7836
7838
7842
7842
7843
7844
7847
7848
7849
7849
7850
7851
7854
7855
7856
7858
7859
7864
7865
7869
7874
7875
7876
7877
7878
7881
7882
7885
7885
7889
7889
7890
7891
7893
7894
7899
7899
7900
7901
7902
7904
7905
7905
7907
7909
7913
7914
7915
7916
7917
7919
7921
7921
7922
7923
7923
7923
7927
7932
7932
7933
7933
7937
7938
7938
7939
7939
7943
7943
7944
7945
7945
7945
7947
7955
7957
7957
7958
7958
7959
7961
7967
7975
7976
7976
7977
7977
7983
7983
7984
7984
7986
7986
7991
7992
7994
7996
7999
8006
8006
8006
8007
8007
8013
8015
8017
8017
8017
8018
8018
8019
8021
8026
8027
8028
8030
8030
8031
8031
8033
8034
8037
8038
8039
8041
8043
8044
8044
8045
8046
8048
8050
8051
8052
8053
8054
8055
8055
8055
8057
8058
8060
8060
8060
8063
8066
8069
8072
8073
8073
8077
8079
8079
8080
8081
8081
8084
8086
8087
8089
8091
8093
8093
8093
8094
8096
8096
8097
8099
8100
8102
8103
8106
8107
8108
8108
8108
8111
8113
8115
8115
8116
8116
8116
8118
8120
8122
8124
8124
8126
8126
8127
8128
8129
8131
8132
8134
8136
8136
8137
8138
8139
8143
8144
8144
8144
8146
8148
8152
8156
8156
8158
8158
8160
8164
8164
8166
8167
8169
8173
8173
8175
8175
8176
8176
8182
8182
8183
8184
8185
8186
8189
8190
8191
8192
8194
8194
8196
8199
8199
8199
8199
8201
8201
8202
8204
8204
8209
8210
8211
8211
8212
8215
8222
8222
8223
8224
8232
8233
8238
8241
8245
8245
8248
8248
8250
8251
8254
8254
8255
8256
8257
8260
8260
8261
8261
8262
8267
8271
8274
8274
8276
8277
8280
8283
8285
8285
8286
8293
8293
8294
8296
8296
8298
8299
8299
8303
8306
8308
8309
8310
8312
8312
8315
8317
8319
8322
8322
8323
8324
8324
8324
8325
8325
8326
8329
8331
8331
8332
8332
8332
8332
8333
8333
8334
8334
8337
8337
8338
8341
8342
8343
8343
8345
8349
8350
8353
8353
8353
8354
8354
8357
8358
8365
8366
8368
8372
8373
8374
8374
8377
8382
8383
8384
8390
8391
8393
8394
8398
8398
8400
8402
8406
8407
8410
8411
8412
8414
8414
8417
8418
8419
8420
8422
8422
8423
8424
8426
8426
8428
8428
8429
8432
8432
8436
8436
8438
8441
8442
8442
8447
8448
8449
8449
8450
8453
8454
8458
8459
8459
8460
8461
8462
8465
8467
8468
8468
8469
8470
8473
8474
8474
8474
8475
8476
8476
8477
8479
8480
8480
8483
8484
8485
8491
8491
8492
8494
8499
8501
8501
8507
8508
8509
8510
8510
8511
8512
8513
8514
8519
8522
8522
8522
8523
8523
8524
8526
8528
8529
8529
8531
8534
8535
8536
8537
8539
8542
8543
8547
8547
8549
8550
8552
8552
8555
8556
8559
8560
8562
8563
8566
8567
8571
8574
8574
8577
8577
8580
8581
8584
8588
8590
8592
8595
8597
8597
8597
8604
8604
8613
8614
8615
8615
8616
8618
8620
8621
8624
8625
8625
8629
8629
8629
8631
8633
8633
8641
8642
8643
8645
8645
8648
8649
8649
8650
8651
8653
8653
8654
8654
8654
8658
8663
8663
8663
8664
8665
8665
8666
8667
8667
8668
8669
8670
8671
8671
8674
8675
8676
8676
8678
8679
8681
8682
8689
8691
8695
8697
8701
8702
8702
8703
8703
8704
8706
8707
8714
8716
8717
8720
8720
8723
8724
8725
8726
8727
8727
8727
8730
8734
8735
8741
8742
8744
8745
8747
8749
8751
8752
8752
8755
8756
8758
8760
8761
8763
8768
8768
8769
8770
8773
8775
8779
8788
8793
8794
8794
8794
8795
8795
8796
8798
8801
8804
8806
8808
8813
8813
8813
8814
8814
8821
8822
8825
8825
8826
8827
8827
8829
8830
8830
8831
8831
8833
8835
8836
8837
8837
8841
8850
8851
8855
8855
8855
8856
8858
8860
8860
8861
8861
8862
8870
8871
8873
8877
8880
8883
8884
8885
8890
8893
8897
8897
8900
8906
8910
8911
8913
8915
8919
8929
8939
8939
8940
8944
8944
8945
8948
8948
8949
8951
8952
8954
8954
8954
8954
8955
8956
8957
8957
8957
8957
8958
8962
8964
8967
8968
8970
8971
8972
8973
8973
8973
8974
8979
8979
8980
8981
8983
8985
8988
8991
8992
8996
8998
9000
9002
9008
9009
9010
9012
9013
9015
9016
9019
9020
9020
9023
9023
9023
9024
9035
9037
9039
9041
9042
9043
9044
9045
9048
9048
9049
9050
9050
9050
9051
9054
9054
9055
9056
9056
9058
9058
9060
9063
9064
9065
9069
9072
9074
9074
9075
9077
9078
9079
9084
9084
9085
9088
9091
9093
9094
9094
9097
9101
9102
9105
9107
9107
9107
9108
9112
9115
9116
9117
9118
9119
9120
9120
9121
9121
9127
9128
9129
9135
9136
9139
9140
9142
9142
9144
9144
9145
9147
9154
9156
9156
9157
9157
9159
9160
9165
9165
9169
9169
9170
9170
9170
9171
9172
9172
9173
9173
9174
9175
9177
9177
9177
9182
9183
9183
9185
9187
9187
9188
9188
9188
9190
9191
9191
9192
9194
9198
9202
9202
9204
9204
9205
9206
9209
9210
9211
9212
9212
9213
9214
9215
9216
9217
9217
9222
9222
9223
9224
9225
9233
9238
9240
9240
9240
9242
9244
9245
9245
9245
9245
9246
9247
9247
9248
9249
9252
9253
9253
9254
9255
9258
9258
9265
9268
9270
9275
9277
9278
9279
9280
9282
9282
9283
9283
9284
9285
9285
9286
9289
9289
9290
9292
9300
9301
9302
9303
9305
9305
9306
9307
9309
9312
9314
9315
9316
9317
9317
9319
9320
9324
9325
9326
9328
9329
9330
9336
9337
9337
9338
9339
9340
9342
9344
9344
9346
9348
9349
9350
9354
9354
9355
9356
9358
9361
9365
9365
9368
9370
9371
9373
9375
9377
9377
9379
9379
9380
9380
9386
9387
9387
9390
9391
9394
9397
9397
9399
9401
9402
9402
9405
9406
9409
9411
9413
9414
9419
9423
9423
9425
9426
9430
9432
9433
9434
9434
9437
9439
9439
9443
9443
9443
9444
9447
9450
9451
9451
9452
9457
9457
9458
9459
9461
9462
9463
9465
9469
9469
9470
9470
9472
9478
9480
9487
9487
9488
9488
9493
9494
9500
9502
9503
9503
9504
9506
9506
9511
9514
9516
9516
9516
9517
9518
9521
9522
9527
9527
9529
9531
9532
9537
9538
9543
9547
9553
9556
9557
9562
9565
9567
9567
9572
9574
9575
9576
9577
9579
9581
9582
9582
9586
9589
9590
9591
9593
9594
9596
9598
9600
9601
9605
9608
9608
9609
9612
9612
9614
9614
9618
9619
9621
9622
9624
9624
9628
9632
9633
9635
9639
9641
9643
9646
9647
9647
9648
9655
9656
9661
9664
9665
9667
9669
9670
9673
9675
9680
9680
9681
9683
9685
9685
9686
9689
9691
9693
9693
9693
9694
9695
9697
9698
9700
9702
9705
9707
9708
9709
9710
9710
9711
9718
9720
9723
9728
9730
9731
9735
9735
9737
9738
9738
9740
9741
9743
9746
9746
9749
9749
9750
9750
9751
9752
9753
9757
9763
9764
9765
9765
9767
9768
9768
9770
9771
9771
9772
9773
9776
9778
9779
9779
9782
9783
9783
9787
9790
9795
9801
9804
9805
9807
9811
9811
9812
9821
9822
9823
9825
9828
9829
9830
9832
9839
9840
9841
9842
9843
9844
9849
9851
9852
9853
9855
9858
9859
9860
9861
9863
9863
9864
9864
9865
9868
9870
9871
9878
9878
9880
9880
9883
9888
9890
9891
9892
9894
9895
9898
9899
9899
9900
9903
9904
9904
9904
9905
9910
9911
9913
9918
9921
9922
9922
9926
9931
9932
9933
9934
9934
9937
9943
9946
9951
9953
9956
9957
9959
9960
9960
9962
9964
9964
9966
9968
9971
9972
9972
9973
9980
9985
9990
9996
10002
10002
10003
10004
10007
10017
10023
10023
10025
10035
10036
10036
10039
10040
10041
10042
10042
10042
10049
10049
10050
10052
10054
10054
10055
10056
10057
10058
10062
10063
10065
10066
10069
10070
10071
10072
10074
10075
10077
10080
10082
10083
10083
10084
10089
10090
10090
10091
10093
10095
10097
10100
10104
10109
10109
10110
10111
10114
10116
10117
10118
10119
10121
10123
10126
10126
10127
10127
10127
10127
10128
10129
10130
10131
10137
10139
10139
10140
10141
10143
10144
10146
10148
10149
10149
10152
10153
10154
10157
10158
10164
10165
10165
10168
10169
10170
10171
10183
10184
10186
10186
10189
10192
10196
10198
10199
10201
10202
10203
10210
10215
10219
10219
10222
10224
10232
10235
10236
10236
10241
10242
10242
10243
10246
10248
10250
10253
10253
10253
10256
10264
10264
10266
10270
10271
10273
10274
10276
10276
10278
10282
10283
10285
10285
10289
10293
10294
10294
10295
10297
10297
10302
10302
10305
10311
10311
10311
10313
10315
10317
10317
10318
10320
10320
10321
10321
10322
10323
10325
10327
10328
10331
10334
10334
10335
10337
10339
10340
10344
10349
10353
10357
10359
10369
10372
10372
10373
10373
10375
10382
10382
10384
10387
10390
10390
10394
10394
10394
10395
10396
10396
10397
10399
10401
10404
10405
10406
10407
10412
10415
10417
10417
10423
10424
10426
10427
10429
10429
10432
10432
10432
10435
10437
10440
10446
10450
10451
10452
10455
10456
10458
10458
10459
10460
10462
10465
10470
10475
10477
10480
10483
10485
10487
10487
10489
10490
10491
10493
10498
10500
10500
10507
10508
10515
10520
10521
10521
10523
10524
10526
10528
10535
10536
10536
10537
10538
10539
10541
10541
10542
10542
10543
10543
10544
10544
10544
10545
10546
10546
10547
10549
10549
10550
10551
10551
10552
10552
10553
10555
10557
10558
10563
10564
10565
10571
10573
10574
10575
10576
10576
10579
10580
10582
10584
10587
10591
10595
10597
10602
10602
10604
10612
10612
10613
10615
10615
10620
10621
10627
10628
10633
10634
10635
10648
10652
10654
10655
10657
10658
10658
10666
10667
10668
10671
10674
10675
10675
10676
10677
10677
10680
10682
10685
10688
10691
10693
10699
10700
10701
10701
10701
10702
10704
10704
10705
10705
10706
10708
10708
10712
10712
10717
10718
10720
10721
10721
10724
10725
10726
10730
10730
10730
10733
10735
10735
10736
10737
10737
10738
10741
10742
10745
10745
10749
10749
10749
10750
10755
10756
10756
10759
10760
10761
10761
10761
10764
10766
10775
10775
10775
10777
10778
10779
10782
10783
10785
10790
10791
10795
10796
10799
10802
10802
10802
10804
10805
10807
10808
10813
10818
10819
10821
10822
10823
10828
10838
10839
10840
10841
10843
10844
10845
10848
10851
10852
10852
10854
10856
10857
10859
10859
10860
10861
10863
10865
10865
10869
10873
10874
10876
10877
10877
10878
10878
10881
10881
10884
10884
10888
10889
10890
10890
10890
10891
10894
10895
10898
10899
10900
10904
10905
10906
10906
10907
10908
10908
10908
10908
10909
10910
10910
10911
10912
10916
10917
10921
10932
10939
10940
10943
10950
10952
10954
10959
10961
10963
10963
10965
10965
10968
10969
10970
10973
10973
10973
10974
10981
10984
10984
10988
10988
10991
10992
10992
10992
10993
10994
10995
10996
10996
10996
10998
10998
11000
11000
11007
11008
11012
11013
11015
11017
11022
11022
11023
11024
11025
11028
11030
11031
11035
11037
11039
11046
11047
11049
11049
11054
11055
11056
11056
11059
11059
11061
11063
11063
11066
11067
11068
11069
11069
11069
11070
11070
11071
11074
11074
11075
11081
11083
11084
11087
11089
11091
11094
11094
11096
11096
11100
11101
11101
11105
11106
11107
11108
11110
11112
11112
11114
11119
11120
11120
11129
11134
11136
11137
11139
11144
11148
11149
11150
11154
11156
11162
11163
11165
11165
11172
11172
11174
11175
11187
11188
11189
11195
11197
11199
11199
11202
11203
11208
11209
11212
11213
11216
11219
11221
11223
11227
11227
11230
11234
11235
11238
11241
11244
11247
11249
11249
11250
11252
11254
11262
11263
11273
11274
11275
11275
11280
11282
11284
11285
11286
11287
11291
11292
11296
11296
11299
11307
11315
11315
11320
11321
11323
11326
11327
11332
11334
11336
11336
11337
11342
11344
11344
11349
11350
11358
11359
11359
11363
11366
11372
11372
11373
11373
11375
11375
11377
11378
11380
11381
11383
11384
11385
11385
11386
11387
11387
11387
11393
11394
11398
11399
11406
11407
11409
11410
11410
11411
11413
11415
11416
11417
11418
11420
11423
11427
11430
11430
11430
11431
11434
11441
11442
11442
11444
11444
11446
11447
11450
11450
11455
11456
11457
11458
11460
11462
11467
11468
11469
11469
11469
11470
11472
11473
11475
11478
11481
11482
11482
11484
11484
11488
11490
11491
11491
11495
11498
11499
11499
11500
11501
11502
11505
11505
11506
11506
11508
11513
11514
11515
11515
11515
11516
11516
11518
11521
11522
11524
11524
11527
11527
11528
11530
11533
11534
11535
11538
11538
11543
11545
11547
11553
11559
11559
11559
11561
11567
11571
11571
11572
11573
11577
11577
11578
11579
11582
11583
11584
11585
11585
11585
11586
11591
11592
11598
11599
11602
11603
11603
11605
11610
11612
11615
11616
11616
11616
11617
11620
11621
11621
11623
11625
11626
11629
11634
11636
11640
11644
11647
11649
11649
11650
11650
11652
11655
11655
11657
11659
11665
11665
11673
11674
11680
11681
11682
11686
11690
11691
11692
11692
11701
11702
11704
11714
11717
11718
11719
11725
11731
11731
11732
11732
11733
11734
11734
11735
11736
11740
11743
11746
11746
11747
11749
11753
11754
11757
11758
11760
11762
11763
11764
11769
11770
11772
11773
11774
11779
11781
11784
11784
11784
11784
11786
11787
11788
11790
11793
11794
11798
11802
11806
11807
11810
11810
11813
11813
11813
11816
11818
11820
11826
11828
11829
11829
11832
11834
11835
11845
11845
11847
11848
11850
11851
11858
11861
11862
11864
11870
11870
11870
11873
11874
11876
11883
11885
11889
11891
11893
11896
11898
11901
11902
11906
11911
11911
11917
11917
11923
11927
11927
11930
11932
11933
11935
11935
11935
11936
11939
11939
11940
11940
11941
11943
11943
11944
11945
11945
11947
11948
11954
11955
11961
11964
11967
11967
11967
11967
11971
11973
11975
11976
11977
11978
11980
11981
11991
11993
11994
11995
11997
12000
12006
12011
12014
12016
12019
12023
12024
12024
12026
12028
12030
12030
12033
12037
12040
12041
12041
12041
12042
12044
12044
12053
12056
12057
12057
12058
12062
12064
12065
12066
12067
12069
12075
12077
12078
12080
12082
12083
12083
12084
12084
12092
12093
12094
12094
12095
12097
12097
12097
12107
12111
12115
12116
12118
12120
12121
12123
12130
12130
12132
12135
12136
12141
12146
12147
12147
12148
12151
12152
12153
12157
12160
12161
12168
12169
12169
12170
12170
12173
12173
12176
12176
12177
12180
12180
12181
12186
12187
12187
12191
12193
12196
12198
12200
12200
12208
12211
12212
12214
12214
12215
12216
12221
12222
12222
12223
12224
12227
12228
12229
12230
12230
12234
12235
12236
12236
12241
12242
12243
12245
12246
12250
12253
12253
12253
12259
12261
12268
12271
12271
12272
12277
12278
12280
12283
12284
12287
12287
12289
12289
12289
12292
12293
12297
12297
12305
12305
12309
12309
12314
12315
12316
12317
12318
12324
12331
12333
12333
12335
12335
12348
12349
12353
12355
12362
12367
12367
12368
12373
12374
12375
12376
12377
12380
12381
12384
12386
12387
12389
12390
12397
12398
12400
12400
12401
12403
12411
12421
12423
12424
12425
12427
12436
12440
12441
12442
12445
12448
12451
12452
12453
12454
12454
12457
12459
12462
12470
12471
12471
12473
12478
12480
12482
12484
12488
12491
12493
12499
12500
12501
12503
12504
12504
12505
12511
12512
12513
12515
12519
12529
12530
12532
12533
12533
12536
12539
12542
12547
12547
12549
12556
12556
12556
12559
12560
12560
12562
12565
12569
12574
12579
12584
12587
12599
12600
12600
12602
12604
12605
12610
12611
12613
12614
12618
12619
12621
12623
12624
12624
12626
12627
12628
12628
12634
12635
12636
12644
12647
12647
12649
12651
12656
12656
12657
12660
12661
12664
12669
12671
12671
12672
12672
12675
12675
12676
12681
12688
12688
12690
12693
12698
12699
12703
12705
12708
12709
12713
12715
12715
12722
12723
12729
12732
12737
12739
12741
12744
12749
12749
12754
12755
12758
12763
12763
12763
12767
12773
12774
12781
12782
12782
12782
12787
12791
12791
12797
12800
12803
12806
12808
12808
12809
12809
12810
12812
12812
12812
12816
12821
12822
12826
12826
12827
12827
12828
12828
12831
12832
12835
12842
12843
12843
12850
12851
12852
12852
12859
12860
12862
12862
12865
12865
12868
12869
12873
12876
12877
12878
12891
12891
12905
12905
12906
12908
12908
12910
12912
12915
12916
12919
12920
12921
12922
12922
12924
12924
12924
12926
12929
12930
12932
12933
12938
12940
12942
12943
12944
12945
12954
12956
12958
12959
12962
12965
12967
12969
12971
12974
12978
12983
12986
12989
12989
12991
12993
12994
12995
12995
13001
13009
13010
13011
13012
13013
13014
13019
13027
13028
13032
13034
13036
13039
13040
13045
13054
13058
13060
13060
13062
13064
13066
13067
13068
13072
13073
13073
13075
13081
13085
13088
13095
13096
13098
13100
13105
13105
13105
13111
13114
13116
13119
13120
13121
13126
13131
13132
13146
13153
13162
13165
13166
13169
13171
13173
13175
13177
13181
13182
13186
13191
13195
13199
13203
13207
13207
13207
13214
13215
13218
13222
13231
13234
13237
13237
13238
13242
13243
13245
13247
13249
13253
13255
13258
13264
13265
13266
13270
13271
13280
13283
13289
13294
13297
13297
13297
13300
13302
13302
13302
13304
13305
13306
13307
13320
13323
13323
13328
13339
13339
13340
13343
13347
13349
13354
13357
13361
13364
13371
13371
13371
13374
13374
13377
13385
13385
13386
13387
13388
13391
13392
13396
13396
13398
13403
13413
13414
13416
13417
13417
13417
13417
13419
13420
13422
13425
13430
13434
13438
13438
13440
13441
13441
13447
13450
13451
13451
13455
13463
13463
13467
13469
13471
13473
13475
13475
13477
13477
13484
13488
13496
13502
13504
13505
13507
13509
13513
13515
13517
13519
13521
13524
13526
13526
13526
13539
13543
13545
13546
13552
13554
13554
13555
13556
13556
13557
13557
13560
13562
13563
13565
13567
13568
13570
13571
13574
13578
13582
13584
13585
13586
13603
13612
13613
13616
13621
13626
13626
13629
13631
13631
13632
13633
13640
13640
13641
13642
13642
13643
13651
13651
13651
13655
13659
13660
13670
13672
13673
13674
13677
13680
13684
13684
13689
13694
13695
13696
13706
13708
13710
13716
13719
13721
13731
13735
13740
13741
13746
13753
13754
13755
13756
13757
13759
13764
13766
13768
13768
13770
13771
13775
13775
13777
13780
13785
13788
13795
13801
13801
13802
13802
13803
13808
13809
13812
13812
13813
13813
13814
13818
13823
13827
13827
13829
13829
13838
13839
13841
13842
13844
13851
13851
13853
13854
13855
13856
13858
13861
13865
13867
13869
13870
13871
13872
13873
13876
13877
13877
13881
13881
13882
13883
13888
13889
13891
13894
13897
13899
13906
13906
13913
13915
13918
13920
13921
13922
13922
13922
13924
13926
13930
13931
13934
13934
13936
13936
13937
13938
13941
13945
13947
13948
13950
13955
13956
13958
13963
13969
13969
13973
13975
13976
13977
13978
13981
13982
13983
13984
13990
13990
13991
13991
13993
13993
13996
13997
13998
13999
14002
14002
14005
14005
14006
14007
14007
14008
14008
14011
14015
14015
14023
14025
14034
14039
14039
14041
14043
14043
14046
14046
14055
14057
14059
14082
14083
14083
14084
14087
14089
14089
14090
14091
14092
14095
14096
14096
14104
14107
14109
14118
14120
14122
14122
14125
14125
14126
14128
14130
14130
14135
14135
14138
14139
14147
14156
14159
14159
14159
14165
14165
14177
14178
14182
14185
14187
14188
14190
14191
14192
14197
14198
14199
14205
14207
14208
14213
14219
14222
14223
14225
14225
14227
14233
14237
14237
14241
14243
14243
14252
14255
14256
14258
14258
14260
14261
14262
14262
14263
14263
14267
14267
14271
14272
14274
14274
14275
14278
14279
14285
14286
14287
14289
14294
14300
14304
14306
14306
14317
14320
14324
14324
14325
14330
14334
14335
14336
14344
14346
14347
14348
14352
14353
14355
14359
14364
14365
14369
14373
14374
14378
14379
14380
14382
14384
14390
14391
14392
14397
14397
14398
14398
14407
14408
14414
14422
14424
14431
14432
14434
14434
14435
14456
14465
14465
14466
14467
14472
14474
14474
14478
14478
14479
14481
14482
14488
14494
14498
14499
14500
14504
14509
14511
14513
14516
14516
14518
14518
14518
14519
14523
14523
14529
14530
14534
14537
14537
14538
14539
14541
14541
14542
14545
14545
14545
14548
14556
14556
14560
14563
14573
14575
14576
14581
14581
14583
14586
14587
14587
14589
14594
14598
14598
14613
14615
14615
14617
14621
14623
14628
14632
14634
14635
14637
14640
14641
14644
14648
14655
14657
14659
14661
14666
14669
14671
14673
14679
14679
14681
14682
14684
14689
14696
14699
14700
14700
14701
14707
14708
14712
14714
14715
14715
14716
14717
14717
14731
14732
14733
14734
14740
14742
14744
14746
14755
14757
14759
14765
14766
14768
14773
14777
14777
14779
14783
14796
14797
14797
14799
14803
14805
14819
14821
14822
14822
14823
14825
14829
14832
14836
14839
14840
14841
14841
14844
14846
14852
14852
14853
14853
14856
14856
14856
14860
14863
14863
14866
14870
14876
14878
14879
14881
14881
14886
14890
14898
14905
14914
14916
14918
14918
14924
14925
14926
14928
14930
14936
14938
14939
14939
14940
14943
14953
14953
14954
14959
14959
14962
14965
14970
14971
14972
14973
14975
14981
14984
14986
14988
14989
14990
14993
14996
14998
14999
14999
15001
15002
15003
15005
15010
15013
15016
15017
15020
15024
15024
15024
15027
15027
15030
15035
15037
15044
15044
15046
15050
15052
15054
15054
15056
15058
15058
15062
15062
15066
15068
15068
15068
15068
15071
15074
15074
15076
15079
15082
15082
15083
15087
15088
15090
15090
15093
15108
15117
15126
15128
15128
15129
15131
15133
15136
15142
15145
15148
15148
15148
15149
15149
15151
15151
15151
15154
15156
15158
15162
15176
15176
15179
15184
15184
15189
15192
15193
15194
15206
15211
15216
15216
15216
15217
15219
15226
15229
15232
15232
15235
15239
15243
15243
15244
15245
15247
15255
15260
15260
15262
15263
15265
15268
15270
15278
15282
15289
15292
15294
15297
15297
15306
15307
15307
15310
15310
15314
15317
15318
15319
15320
15320
15323
15324
15327
15329
15330
15332
15337
15340
15343
15344
15345
15347
15347
15352
15352
15352
15354
15359
15365
15376
15378
15382
15384
15390
15390
15393
15393
15393
15395
15396
15400
15401
15403
15404
15409
15414
15417
15419
15424
15428
15431
15432
15433
15436
15438
15440
15444
15447
15448
15450
15453
15456
15461
15464
15466
15467
15473
15478
15479
15480
15491
15493
15507
15516
15520
15521
15523
15529
15530
15534
15536
15537
15540
15541
15542
15542
15543
15547
15548
15552
15555
15557
15557
15558
15559
15564
15569
15578
15588
15589
15590
15594
15599
15604
15606
15609
15611
15612
15616
15622
15622
15624
15625
15627
15629
15635
15637
15637
15642
15645
15646
15648
15651
15651
15651
15655
15660
15662
15665
15665
15665
15671
15674
15676
15678
15678
15679
15685
15686
15686
15686
15687
15687
15694
15697
15699
15699
15701
15706
15707
15708
15712
15717
15718
15723
15724
15735
15742
15742
15744
15745
15748
15749
15751
15767
15770
15770
15771
15774
15777
15777
15786
15791
15795
15795
15795
15796
15799
15803
15804
15809
15821
15823
15825
15825
15829
15830
15837
15844
15848
15851
15852
15852
15853
15853
15875
15876
15877
15878
15882
15882
15884
15887
15889
15889
15889
15891
15891
15891
15893
15893
15893
15893
15895
15895
15903
15913
15922
15922
15929
15932
15945
15946
15946
15950
15950
15953
15955
15958
15965
15972
15972
15973
15974
15978
15978
15979
15987
15995
15996
16002
16003
16010
16010
16013
16013
16014
16016
16018
16018
16021
16021
16021
16024
16029
16031
16031
16034
16036
16042
16046
16046
16050
16055
16073
16083
16084
16086
16088
16091
16091
16102
16111
16113
16120
16121
16127
16128
16129
16129
16130
16137
16140
16145
16146
16150
16153
16156
16156
16159
16163
16167
16167
16168
16177
16181
16181
16182
16184
16186
16188
16189
16193
16196
16199
16200
16202
16202
16203
16204
16210
16210
16213
16216
16220
16220
16223
16223
16226
16235
16236
16237
16241
16244
16253
16254
16255
16262
16265
16265
16267
16274
16274
16284
16285
16289
16291
16296
16305
16305
16308
16309
16311
16314
16322
16324
16324
16324
16336
16340
16345
16351
16351
16352
16363
16367
16367
16370
16371
16374
16381
16382
16382
16385
16392
16395
16400
16401
16405
16407
16412
16412
16412
16415
16417
16418
16420
16423
16424
16427
16431
16434
16439
16439
16448
16457
16459
16462
16463
16469
16474
16475
16475
16480
16480
16487
16488
16488
16488
16497
16497
16505
16505
16508
16509
16511
16513
16514
16517
16518
16522
16525
16531
16532
16533
16533
16533
16534
16535
16535
16541
16544
16546
16547
16554
16555
16559
16564
16570
16578
16580
16583
16584
16587
16606
16610
16615
16617
16627
16629
16630
16633
16635
16638
16644
16650
16650
16651
16655
16656
16657
16658
16659
16660
16661
16663
16665
16676
16680
16685
16688
16689
16690
16690
16696
16696
16697
16698
16705
16709
16712
16712
16714
16721
16722
16722
16724
16724
16726
16727
16735
16736
16738
16743
16745
16745
16751
16752
16753
16753
16754
16755
16756
16757
16757
16759
16759
16760
16764
16764
16765
16767
16769
16770
16779
16787
16789
16795
16797
16799
16807
16808
16810
16813
16816
16819
16821
16825
16829
16836
16844
16846
16847
16849
16861
16862
16863
16864
16865
16866
16872
16874
16878
16880
16884
16887
16888
16889
16889
16889
16890
16894
16894
16898
16898
16900
16901
16903
16906
16909
16915
16916
16920
16922
16930
16931
16934
16941
16941
16942
16942
16947
16948
16954
16961
16981
16984
16984
16998
17006
17010
17011
17016
17018
17024
17024
17024
17026
17030
17031
17032
17034
17041
17042
17043
17045
17052
17057
17057
17076
17076
17087
17089
17089
17092
17093
17105
17110
17111
17119
17120
17121
17125
17127
17130
17133
17135
17136
17136
17138
17139
17143
17143
17147
17148
17151
17155
17156
17161
17165
17166
17167
17169
17175
17183
17186
17187
17189
17189
17192
17198
17200
17200
17201
17202
17206
17211
17212
17224
17224
17231
17231
17231
17231
17231
17233
17233
17235
17237
17237
17250
17253
17254
17257
17262
17263
17265
17268
17270
17271
17272
17277
17278
17280
17281
17295
17297
17298
17302
17303
17305
17312
17312
17314
17315
17320
17321
17323
17328
17331
17334
17334
17337
17338
17339
17342
17353
17357
17358
17358
17359
17361
17362
17364
17369
17371
17390
17396
17397
17409
17410
17417
17419
17421
17421
17428
17428
17438
17442
17448
17451
17463
17464
17468
17470
17471
17475
17483
17486
17487
17498
17499
17499
17505
17505
17509
17519
17521
17523
17534
17536
17537
17537
17548
17550
17557
17574
17580
17584
17585
17594
17596
17597
17615
17630
17635
17636
17636
17637
17637
17639
17639
17640
17641
17644
17645
17649
17651
17652
17653
17654
17660
17661
17665
17667
17668
17669
17671
17677
17682
17684
17685
17686
17688
17689
17691
17692
17695
17695
17696
17701
17702
17708
17713
17720
17722
17725
17734
17736
17738
17745
17746
17748
17750
17750
17751
17751
17752
17753
17753
17765
17771
17773
17778
17782
17790
17794
17800
17804
17806
17806
17807
17810
17811
17818
17822
17822
17826
17831
17833
17843
17843
17849
17857
17859
17863
17864
17874
17874
17878
17882
17884
17884
17893
17896
17897
17898
17899
17918
17919
17922
17923
17924
17926
17926
17929
17931
17931
17931
17939
17945
17947
17957
17959
17961
17962
17967
17968
17969
17971
17976
17977
17981
17985
17987
17990
18007
18008
18013
18015
18021
18025
18029
18031
18031
18034
18041
18042
18050
18052
18055
18058
18061
18062
18062
18063
18063
18063
18063
18068
18069
18083
18087
18088
18092
18099
18102
18104
18107
18109
18109
18111
18113
18114
18115
18116
18120
18128
18132
18133
18134
18136
18139
18149
18150
18151
18159
18160
18160
18163
18163
18166
18167
18169
18170
18172
18177
18179
18181
18186
18188
18189
18191
18192
18192
18194
18200
18203
18208
18212
18216
18216
18222
18229
18231
18231
18234
18237
18237
18240
18241
18242
18252
18253
18257
18260
18272
18277
18277
18279
18285
18285
18286
18288
18288
18290
18298
18302
18303
18313
18321
18323
18325
18325
18331
18334
18336
18338
18342
18342
18344
18345
18354
18357
18359
18367
18367
18368
18371
18372
18376
18382
18388
18392
18392
18397
18398
18406
18418
18418
18430
18434
18440
18441
18447
18448
18448
18449
18450
18450
18452
18453
18454
18455
18457
18461
18463
18469
18475
18478
18478
18484
18486
18487
18502
18505
18510
18523
18528
18531
18532
18554
18555
18558
18562
18563
18566
18566
18568
18574
18577
18586
18588
18588
18592
18593
18597
18598
18607
18612
18614
18617
18622
18622
18622
18624
18626
18630
18631
18634
18643
18643
18644
18644
18648
18654
18670
18672
18672
18673
18675
18690
18693
18695
18696
18701
18703
18709
18711
18715
18715
18731
18734
18739
18742
18745
18750
18751
18756
18757
18757
18765
18772
18781
18781
18795
18796
18798
18799
18802
18804
18805
18805
18806
18807
18818
18820
18821
18822
18828
18835
18837
18839
18844
18847
18852
18856
18857
18857
18867
18868
18877
18877
18882
18883
18884
18884
18886
18890
18894
18898
18900
18908
18914
18914
18918
18920
18923
18929
18938
18938
18940
18945
18951
18953
18954
18956
18960
18964
18969
18972
18978
18979
18981
18987
18989
18998
18998
18999
18999
19001
19009
19012
19016
19019
19023
19024
19024
19032
19034
19037
19038
19040
19043
19044
19047
19050
19057
19061
19062
19064
19066
19076
19079
19079
19086
19088
19088
19089
19097
19099
19102
19106
19108
19109
19109
19114
19116
19118
19118
19122
19122
19122
19139
19140
19148
19160
19161
19162
19164
19168
19169
19173
19183
19193
19197
19211
19219
19219
19221
19221
19223
19230
19232
19238
19240
19240
19245
19247
19250
19252
19252
19257
19257
19259
19272
19273
19281
19286
19288
19297
19297
19298
19298
19298
19299
19302
19303
19304
19306
19306
19310
19323
19326
19332
19335
19336
19340
19345
19347
19348
19359
19361
19366
19366
19372
19380
19381
19384
19388
19391
19397
19400
19400
19403
19407
19408
19408
19410
19419
19421
19421
19425
19427
19429
19429
19430
19431
19435
19442
19443
19445
19449
19451
19454
19456
19466
19466
19469
19471
19471
19474
19478
19483
19487
19496
19499
19508
19517
19522
19527
19528
19529
19537
19544
19548
19556
19557
19558
19558
19561
19563
19565
19565
19567
19570
19571
19578
19584
19587
19587
19594
19595
19595
19605
19605
19605
19605
19610
19618
19624
19625
19628
19632
19633
19636
19637
19640
19646
19649
19656
19663
19664
19664
19669
19671
19679
19679
19681
19685
19689
19698
19699
19700
19701
19701
19701
19707
19714
19717
19718
19719
19720
19721
19727
19732
19732
19732
19734
19736
19739
19743
19745
19752
19775
19778
19780
19783
19784
19787
19793
19793
19795
19795
19796
19799
19804
19805
19810
19812
19813
19816
19832
19850
19851
19861
19865
19868
19870
19870
19871
19876
19886
19889
19890
19894
19897
19913
19917
19926
19927
19928
19931
19936
19939
19941
19941
19942
19952
19954
19954
19957
19965
19965
19966
19967
19983
19987
19989
19990
19991
19994
19995
20004
20015
20023
20024
20028
20029
20032
20034
20037
20047
20052
20059
20060
20063
20071
20071
20079
20079
20081
20085
20096
20098
20099
20105
20108
20111
20117
20117
20118
20141
20147
20151
20156
20157
20157
20158
20160
20162
20163
20164
20168
20170
20172
20176
20178
20185
20194
20196
20204
20207
20210
20212
20214
20214
20214
20219
20225
20226
20233
20242
20246
20249
20249
20253
20255
20256
20258
20259
20263
20266
20283
20294
20294
20295
20298
20302
20303
20304
20306
20308
20315
20323
20335
20336
20337
20339
20339
20341
20346
20347
20348
20353
20354
20361
20363
20365
20367
20378
20382
20386
20388
20392
20394
20396
20396
20402
20408
20410
20410
20411
20415
20417
20422
20423
20425
20429
20430
20431
20434
20436
20449
20454
20455
20456
20459
20461
20461
20464
20466
20466
20469
20471
20476
20476
20488
20490
20496
20497
20500
20500
20502
20522
20527
20532
20532
20533
20536
20540
20543
20544
20545
20550
20557
20557
20559
20564
20569
20571
20572
20574
20588
20588
20589
20593
20594
20595
20601
20604
20608
20618
20626
20634
20641
20648
20649
20650
20650
20653
20662
20664
20666
20672
20679
20680
20686
20692
20694
20695
20700
20701
20704
20706
20706
20707
20708
20709
20719
20720
20720
20726
20726
20729
20736
20744
20749
20753
20757
20768
20769
20770
20776
20786
20787
20792
20813
20821
20837
20838
20839
20839
20844
20849
20851
20852
20856
20859
20861
20864
20868
20877
20889
20892
20892
20899
20910
20911
20914
20932
20933
20933
20956
20965
20966
20968
20971
20973
20974
20975
20980
20983
20998
21006
21007
21009
21023
21025
21028
21030
21031
21035
21042
21044
21048
21052
21052
21066
21068
21081
21083
21085
21086
21090
21090
21092
21096
21107
21108
21113
21116
21132
21136
21139
21143
21145
21147
21150
21151
21159
21171
21184
21203
21207
21209
21212
21217
21223
21230
21244
21260
21261
21270
21271
21272
21280
21280
21287
21294
21297
21298
21299
21301
21307
21310
21319
21327
21330
21331
21335
21336
21340
21340
21345
21345
21348
21353
21358
21370
21373
21379
21385
21387
21393
21396
21397
21400
21404
21414
21417
21421
21431
21432
21450
21453
21457
21461
21462
21465
21465
21466
21467
21470
21471
21481
21495
21496
21500
21502
21505
21515
21522
21523
21529
21539
21542
21558
21560
21562
21564
21565
21571
21579
21580
21584
21600
21608
21612
21612
21625
21626
21635
21640
21648
21660
21661
21671
21674
21674
21675
21677
21682
21687
21698
21704
21705
21717
21722
21724
21728
21747
21753
21754
21759
21767
21768
21768
21768
21771
21772
21774
21781
21784
21795
21816
21818
21827
21828
21829
21832
21833
21839
21841
21842
21843
21859
21860
21866
21874
21883
21888
21893
21905
21907
21925
21933
21934
21936
21944
21966
21974
21975
21975
21976
21983
21989
21993
21999
22007
22010
22015
22017
22021
22028
22036
22041
22046
22049
22051
22062
22063
22063
22064
22081
22082
22088
22101
22102
22104
22110
22111
22116
22124
22126
22129
22133
22139
22140
22142
22167
22170
22200
22228
22237
22238
22249
22251
22253
22255
22262
22265
22266
22267
22271
22280
22284
22288
22294
22302
22306
22324
22326
22326
22332
22336
22337
22343
22366
22377
22380
22380
22384
22391
22394
22408
22417
22430
22432
22434
22440
22445
22471
22492
22492
22495
22497
22498
22499
22502
22503
22514
22515
22515
22518
22524
22525
22537
22537
22538
22541
22544
22561
22561
22566
22580
22596
22626
22627
22637
22639
22640
22641
22654
22670
22670
22673
22686
22699
22702
22717
22726
22726
22727
22735
22736
22745
22752
22765
22772
22798
22798
22800
22822
22828
22830
22836
22837
22848
22863
22866
22871
22876
22879
22894
22898
22906
22910
22917
22927
22932
22937
22949
22952
22955
22980
22981
22985
22989
22990
22994
23005
23007
23014
23018
23018
23020
23021
23040
23043
23044
23050
23050
23058
23073
23097
23111
23121
23130
23141
23164
23167
23173
23173
23176
23190
23208
23216
23218
23221
23224
23228
23243
23245
23252
23255
23267
23268
23275
23297
23304
23320
23328
23336
23358
23362
23372
23379
23385
23388
23392
23400
23408
23411
23428
23430
23438
23452
23477
23478
23486
23490
23507
23508
23515
23515
23516
23529
23529
23531
23538
23539
23541
23543
23551
23552
23552
23561
23575
23576
23580
23587
23590
23592
23595
23607
23609
23617
23617
23618
23624
23634
23638
23638
23643
23661
23668
23670
23681
23699
23702
23702
23736
23762
23776
23781
23804
23806
23807
23810
23812
23816
23819
23819
23828
23828
23836
23838
23843
23854
23861
23862
23864
23891
23904
23904
23908
23918
23935
23969
23969
23970
23972
24013
24016
24037
24037
24042
24046
24053
24066
24074
24103
24122
24132
24135
24135
24146
24148
24148
24155
24156
24164
24168
24177
24180
24185
24202
24211
24216
24252
24267
24269
24279
24307
24314
24319
24332
24338
24370
24371
24400
24412
24424
24439
24450
24457
24462
24462
24467
24486
24499
24500
24517
24526
24534
24539
24558
24580
24585
24591
24601
24604
24606
24624
24653
24687
24694
24697
24697
24713
24747
24757
24768
24797
24851
24874
24925
25001
25020
25021
25022
25028
25037
25051
25069
25075
25135
25139
25155
25163
25165
25169
25173
25201
25209
25223
25243
25245
25257
25262
25289
25328
25335
25335
25378
25383
25390
25397
25403
25413
25424
25425
25453
25454
25473
25481
25506
25529
25575
25579
25606
25618
25637
25688
25702
25710
25710
25711
25773
25807
25836
25836
25861
25871
25896
25896
25943
25943
25955
25976
25977
25983
25991
26026
26031
26032
26063
26076
26082
26125
26153
26166
26168
26170
26174
26194
26215
26216
26224
26226
26292
26318
26324
26324
26387
26404
26439
26488
26522
26525
26556
26567
26595
26597
26603
26607
26609
26615
26631
26665
26677
26693
26712
26727
26728
26737
26751
26756
26761
26769
26774
26777
26783
26790
26831
26849
26913
26922
26987
27009
27035
27041
27044
27048
27052
27056
27073
27103
27121
27159
27159
27203
27231
27242
27270
27328
27352
27411
27432
27442
27442
27451
27463
27467
27476
27507
27517
27532
27536
27579
27610
27662
27689
27768
27781
27804
27818
27846
27909
27939
27945
27964
27992
28059
28115
28122
28158
28180
28189
28194
28230
28231
28265
28319
28349
28351
28386
28392
28396
28430
28468
28498
28512
28553
28562
28563
28573
28624
28663
28748
28755
28775
28823
28873
28922
28939
28942
28983
29068
29087
29180
29190
29266
29360
29420
29425
29430
29631
29632
29710
29865
29901
29920
29934
30009
30073
30150
30163
30178
30222
30281
30361
30411
30430
30483
30484
30567
30592
30623
30625
30651
30789
30844
30922
30924
31014
31028
31063
31075
31090
31140
31166
31282
31394
31497
31651
31738
31817
31849
31869
31982
31982
31984
32068
32181
32222
32423
32537
32589
32653
32674
32675
32726
32961
33175
33339
33497
33518
33632
33733
33958
33988
34317
34467
34568
34643
34694
34822
35044
35235
35470
35566
35610
35794
36039
36205
36217
36263
36296
36317
36337
36349
36464
36535
37759
37776
38054
38239
38500
39208
39751
40196
40437
41273
41342
42279
