1000
1002
1003
1003
1005
1006
1009
1010
1010
1012
1014
1015
1016
1016
1017
1017
1018
1020
1020
1021
1021
1022
1022
1023
1023
1023
1024
1028
1029
1031
1032
1032
1032
1032
1033
1033
1034
1035
1035
1036
1036
1038
1040
1041
1041
1043
1044
1046
1047
1047
1048
1048
1048
1049
1049
1049
1050
1050
1051
1051
1051
1052
1055
1056
1056
1056
1057
1057
1058
1060
1061
1062
1062
1063
1063
1065
1065
1067
1069
1069
1070
1070
1071
1071
1071
1072
1072
1072
1073
1074
1074
1074
1075
1075
1078
1078
1079
1079
1079
1080
1082
1082
1083
1084
1084
1085
1086
1086
1086
1087
1088
1090
1090
1093
1094
1097
1098
1100
1100
1103
1104
1108
1110
1110
1110
1111
1112
1116
1116
1119
1120
1121
1121
1123
1123
1123
1123
1126
1127
1127
1128
1128
1128
1129
1129
1129
1130
1131
1132
1133
1133
1135
1135
1136
1137
1139
1139
1139
1139
1140
1141
1141
1143
1144
1144
1145
1145
1147
1148
1149
1150
1150
1154
1156
1156
1156
1158
1159
1160
1160
1161
1163
1164
1165
1165
1166
1169
1169
1170
1170
1172
1172
1174
1174
1175
1175
1176
1177
1178
1180
1180
1180
1181
1181
1181
1182
1183
1183
1184
1184
1184
1184
1187
1187
1187
1189
1190
1190
1190
1191
1191
1191
1191
1192
1192
1192
1193
1193
1193
1194
1198
1198
1198
1200
1200
1200
1201
1201
1202
1203
1205
1207
1207
1207
1208
1209
1209
1210
1210
1212
1213
1213
1214
1215
1216
1216
1217
1217
1217
1218
1218
1218
1219
1220
1220
1221
1222
1222
1223
1223
1223
1223
1223
1224
1224
1226
1227
1227
1228
1231
1232
1232
1232
1233
1235
1237
1238
1238
1238
1239
1239
1239
1239
1240
1241
1242
1242
1242
1243
1243
1244
1246
1246
1246
1248
1249
1250
1254
1254
1255
1256
1257
1257
1261
1261
1264
1264
1265
1266
1266
1267
1270
1270
1270
1273
1273
1273
1274
1274
1274
1275
1276
1276
1277
1277
1277
1278
1280
1281
1283
1284
1284
1284
1286
1287
1287
1289
1291
1291
1292
1292
1292
1293
1295
1295
1297
1297
1298
1298
1299
1299
1300
1300
1301
1301
1301
1302
1303
1304
1304
1305
1305
1305
1306
1306
1306
1307
1307
1310
1310
1311
1311
1312
1312
1312
1313
1313
1313
1314
1314
1316
1318
1318
1319
1319
1319
1319
1321
1322
1323
1323
1324
1324
1325
1325
1326
1327
1328
1329
1329
1329
1329
1332
1334
1334
1334
1334
1335
1335
1335
1335
1335
1337
1337
1338
1338
1339
1339
1340
1340
1341
1342
1342
1343
1343
1346
1346
1348
1348
1348
1349
1350
1350
1350
1351
1352
1353
1356
1356
1357
1358
1358
1358
1359
1359
1360
1361
1362
1363
1363
1363
1364
1364
1364
1365
1366
1366
1366
1367
1367
1369
1369
1370
1370
1371
1371
1373
1374
1374
1375
1375
1376
1378
1378
1379
1380
1382
1383
1385
1386
1386
1386
1386
1386
1387
1387
1388
1388
1390
1390
1391
1391
1392
1393
1393
1393
1394
1395
1396
1396
1397
1398
1398
1399
1399
1400
1400
1401
1401
1402
1404
1405
1406
1408
1409
1411
1413
1414
1414
1417
1418
1418
1419
1419
1419
1420
1421
1422
1422
1424
1424
1425
1429
1429
1430
1430
1431
1433
1434
1436
1436
1436
1436
1437
1438
1439
1439
1440
1441
1441
1442
1442
1444
1445
1445
1446
1446
1446
1447
1447
1447
1448
1449
1449
1451
1453
1454
1454
1456
1458
1458
1458
1460
1460
1460
1461
1462
1462
1464
1465
1466
1466
1466
1468
1468
1468
1473
1473
1474
1474
1476
1477
1477
1478
1478
1478
1482
1482
1482
1483
1484
1485
1486
1486
1487
1491
1494
1494
1495
1496
1497
1498
1499
1500
1500
1501
1502
1502
1502
1503
1503
1504
1506
1507
1507
1508
1509
1509
1512
1512
1513
1514
1514
1515
1515
1517
1517
1518
1518
1521
1521
1523
1524
1526
1526
1526
1526
1528
1528
1528
1529
1530
1532
1534
1534
1534
1537
1537
1539
1541
1541
1544
1545
1547
1548
1550
1551
1551
1553
1554
1554
1554
1556
1556
1557
1557
1557
1560
1561
1563
1564
1566
1566
1567
1567
1567
1568
1569
1569
1569
1571
1571
1573
1574
1575
1575
1575
1576
1577
1577
1580
1580
1581
1581
1582
1582
1582
1585
1587
1588
1590
1590
1590
1591
1592
1592
1594
1595
1598
1599
1599
1600
1600
1601
1601
1601
1604
1604
1607
1607
1607
1608
1609
1612
1614
1614
1617
1618
1620
1621
1622
1622
1622
1623
1623
1624
1624
1624
1625
1626
1626
1626
1629
1629
1629
1630
1630
1630
1631
1631
1632
1636
1638
1639
1639
1641
1645
1645
1646
1647
1648
1649
1650
1651
1651
1654
1654
1654
1655
1655
1655
1655
1656
1656
1660
1661
1661
1663
1664
1668
1673
1676
1677
1677
1678
1679
1680
1681
1681
1684
1687
1687
1688
1688
1689
1690
1691
1691
1697
1697
1698
1699
1700
1701
1702
1705
1705
1705
1705
1706
1706
1707
1707
1708
1708
1709
1709
1709
1710
1711
1711
1711
1712
1712
1713
1713
1715
1715
1716
1719
1719
1720
1720
1722
1723
1724
1724
1726
1726
1726
1728
1729
1730
1730
1732
1732
1732
1733
1737
1737
1739
1739
1740
1741
1741
1742
1743
1745
1745
1745
1746
1746
1746
1747
1747
1747
1747
1749
1752
1752
1752
1752
1753
1756
1758
1758
1759
1760
1760
1762
1762
1763
1763
1763
1764
1767
1770
1770
1770
1773
1773
1773
1774
1774
1777
1778
1781
1781
1783
1783
1783
1783
1784
1785
1786
1786
1787
1789
1790
1793
1793
1794
1795
1796
1796
1797
1798
1798
1798
1799
1799
1799
1799
1800
1800
1802
1802
1803
1805
1805
1805
1806
1806
1807
1808
1808
1811
1811
1812
1812
1812
1813
1817
1818
1818
1818
1820
1821
1822
1822
1823
1823
1824
1825
1827
1827
1828
1828
1829
1829
1830
1832
1832
1833
1833
1834
1834
1834
1835
1835
1837
1839
1839
1841
1841
1841
1843
1844
1846
1846
1847
1847
1849
1849
1851
1851
1853
1853
1853
1854
1855
1855
1856
1857
1861
1862
1863
1864
1867
1867
1868
1868
1868
1868
1870
1870
1871
1871
1871
1871
1872
1872
1876
1877
1877
1877
1880
1880
1880
1881
1881
1881
1882
1882
1883
1883
1885
1885
1885
1887
1887
1887
1887
1889
1890
1892
1892
1893
1893
1894
1894
1894
1895
1896
1896
1898
1901
1901
1901
1903
1904
1904
1908
1911
1911
1912
1912
1913
1914
1915
1915
1915
1916
1916
1917
1917
1918
1918
1919
1920
1921
1922
1923
1923
1926
1928
1928
1930
1931
1931
1932
1933
1933
1933
1934
1934
1936
1939
1941
1944
1946
1946
1946
1950
1950
1951
1952
1952
1953
1954
1955
1955
1956
1956
1957
1957
1957
1957
1957
1959
1959
1959
1961
1961
1961
1962
1963
1964
1964
1964
1966
1966
1967
1968
1970
1970
1971
1971
1972
1972
1972
1973
1973
1973
1975
1977
1977
1977
1977
1978
1978
1981
1982
1983
1984
1988
1988
1989
1990
1992
1992
1993
1994
1994
1994
1994
1995
1997
1997
1997
1997
1998
1998
2000
2001
2003
2003
2003
2003
2004
2005
2006
2007
2008
2014
2015
2015
2015
2015
2016
2019
2019
2020
2021
2022
2022
2022
2023
2024
2024
2024
2024
2026
2027
2027
2029
2029
2030
2031
2031
2032
2033
2034
2034
2035
2035
2035
2036
2036
2036
2037
2037
2037
2038
2039
2039
2040
2040
2041
2042
2042
2043
2043
2043
2045
2046
2046
2046
2048
2049
2049
2050
2051
2051
2052
2053
2053
2055
2056
2056
2056
2057
2059
2059
2059
2060
2060
2061
2061
2061
2062
2063
2063
2065
2066
2066
2067
2069
2070
2071
2072
2073
2075
2076
2076
2076
2077
2078
2079
2080
2081
2082
2083
2083
2085
2087
2087
2088
2088
2088
2090
2091
2092
2093
2094
2095
2095
2095
2096
2098
2100
2101
2104
2106
2106
2108
2108
2109
2109
2109
2109
2110
2110
2111
2111
2111
2112
2113
2113
2115
2117
2117
2118
2119
2120
2121
2123
2123
2123
2125
2125
2125
2126
2126
2126
2127
2127
2131
2133
2133
2135
2135
2135
2136
2136
2136
2137
2139
2140
2143
2143
2146
2147
2148
2148
2150
2151
2151
2153
2156
2156
2157
2158
2159
2160
2161
2162
2164
2165
2167
2168
2170
2170
2171
2171
2174
2174
2174
2175
2176
2177
2177
2178
2179
2179
2181
2182
2182
2182
2184
2187
2188
2190
2191
2193
2193
2196
2196
2197
2198
2199
2199
2199
2200
2203
2204
2204
2205
2205
2207
2207
2209
2209
2209
2214
2214
2215
2215
2216
2217
2217
2218
2218
2221
2224
2228
2229
2230
2230
2232
2232
2234
2235
2236
2237
2237
2240
2240
2240
2242
2243
2245
2246
2247
2247
2247
2247
2248
2248
2248
2248
2248
2249
2249
2249
2249
2250
2251
2251
2252
2253
2253
2254
2255
2257
2258
2260
2262
2264
2264
2265
2266
2266
2266
2267
2268
2269
2271
2271
2271
2272
2272
2273
2274
2274
2275
2276
2276
2277
2279
2280
2283
2283
2284
2284
2285
2285
2286
2289
2290
2291
2291
2291
2292
2292
2292
2293
2293
2293
2294
2296
2297
2298
2298
2298
2298
2299
2299
2299
2301
2303
2303
2303
2303
2304
2305
2307
2308
2308
2308
2310
2311
2311
2311
2312
2312
2314
2317
2318
2319
2320
2323
2323
2324
2324
2325
2325
2327
2329
2329
2329
2329
2330
2331
2331
2332
2333
2333
2334
2336
2336
2336
2337
2338
2339
2339
2340
2340
2341
2342
2343
2343
2344
2344
2346
2346
2347
2348
2348
2348
2349
2350
2350
2350
2350
2351
2353
2353
2354
2354
2355
2355
2356
2358
2358
2359
2362
2364
2364
2366
2366
2366
2367
2367
2367
2368
2368
2368
2368
2368
2368
2369
2370
2371
2372
2373
2374
2375
2376
2376
2377
2378
2378
2381
2381
2382
2382
2382
2382
2385
2387
2387
2387
2388
2389
2389
2389
2390
2391
2392
2392
2393
2393
2393
2394
2394
2395
2397
2397
2398
2399
2400
2400
2401
2402
2403
2405
2407
2407
2407
2408
2410
2410
2410
2411
2412
2412
2413
2414
2414
2414
2414
2415
2418
2418
2420
2421
2422
2423
2423
2423
2424
2424
2425
2425
2426
2426
2427
2428
2428
2428
2429
2430
2431
2432
2432
2432
2432
2433
2434
2434
2435
2435
2437
2438
2439
2439
2443
2443
2443
2444
2444
2444
2446
2448
2448
2450
2453
2454
2454
2454
2455
2455
2457
2458
2459
2460
2460
2461
2462
2465
2465
2466
2467
2469
2471
2472
2472
2473
2473
2473
2473
2474
2475
2478
2479
2480
2480
2483
2486
2488
2490
2490
2490
2491
2492
2493
2493
2494
2495
2496
2496
2497
2497
2499
2499
2500
2501
2502
2502
2503
2504
2506
2506
2506
2506
2507
2507
2509
2510
2511
2513
2516
2516
2516
2516
2516
2517
2518
2520
2520
2520
2523
2524
2524
2524
2524
2525
2526
2527
2528
2529
2530
2531
2531
2532
2532
2533
2533
2534
2534
2535
2536
2538
2539
2540
2540
2540
2541
2541
2542
2542
2544
2546
2547
2548
2549
2549
2550
2551
2552
2552
2553
2555
2555
2557
2557
2557
2558
2559
2559
2560
2562
2563
2563
2563
2564
2564
2564
2564
2566
2566
2567
2567
2569
2569
2569
2570
2573
2574
2574
2575
2576
2576
2576
2577
2580
2580
2580
2581
2581
2583
2587
2588
2588
2589
2590
2592
2592
2593
2593
2594
2594
2594
2595
2597
2597
2597
2599
2601
2601
2601
2601
2602
2602
2602
2603
2604
2604
2604
2604
2605
2607
2611
2613
2616
2617
2618
2618
2619
2619
2620
2620
2623
2623
2624
2625
2625
2625
2627
2628
2629
2629
2630
2630
2631
2636
2637
2638
2639
2639
2640
2640
2641
2641
2642
2644
2644
2644
2644
2644
2644
2645
2647
2648
2650
2651
2651
2651
2651
2651
2652
2653
2657
2657
2658
2658
2660
2662
2662
2662
2662
2662
2663
2663
2668
2669
2670
2671
2673
2673
2675
2678
2678
2678
2681
2681
2681
2681
2682
2682
2683
2684
2685
2687
2687
2687
2689
2690
2694
2697
2698
2699
2700
2701
2701
2704
2704
2706
2706
2707
2710
2711
2714
2714
2715
2715
2719
2719
2719
2721
2721
2722
2723
2724
2725
2727
2727
2729
2729
2730
2730
2731
2732
2732
2739
2739
2740
2741
2742
2743
2744
2745
2748
2751
2751
2751
2752
2753
2754
2755
2755
2756
2757
2759
2760
2760
2761
2762
2765
2765
2766
2767
2771
2772
2772
2773
2774
2775
2775
2776
2778
2779
2779
2779
2780
2781
2781
2782
2784
2785
2786
2786
2786
2786
2788
2788
2789
2791
2793
2794
2795
2796
2796
2797
2797
2798
2799
2801
2801
2801
2801
2802
2802
2805
2805
2808
2808
2810
2810
2811
2812
2813
2815
2815
2815
2818
2819
2819
2819
2819
2821
2822
2823
2824
2825
2826
2826
2828
2829
2830
2831
2831
2833
2833
2840
2841
2843
2843
2844
2844
2845
2846
2848
2848
2849
2849
2849
2850
2850
2850
2852
2852
2852
2852
2853
2854
2854
2854
2855
2859
2861
2862
2863
2864
2864
2866
2867
2872
2874
2875
2875
2878
2881
2881
2882
2885
2885
2885
2885
2889
2889
2891
2891
2893
2897
2897
2897
2897
2897
2899
2900
2903
2903
2904
2904
2906
2907
2908
2909
2910
2910
2911
2913
2915
2916
2917
2919
2919
2920
2922
2923
2924
2926
2927
2929
2930
2931
2931
2931
2932
2932
2934
2935
2935
2937
2938
2940
2941
2943
2944
2946
2947
2948
2949
2949
2952
2952
2952
2953
2954
2956
2957
2960
2960
2961
2961
2961
2962
2962
2965
2965
2966
2966
2968
2969
2970
2973
2974
2975
2976
2977
2978
2979
2979
2981
2981
2982
2983
2985
2986
2987
2988
2989
2989
2991
2992
2992
2992
2992
2993
2994
2995
2995
2995
2996
3001
3001
3002
3003
3004
3005
3007
3011
3011
3012
3013
3016
3017
3017
3018
3018
3020
3020
3023
3023
3023
3024
3026
3026
3028
3028
3028
3030
3032
3032
3032
3032
3033
3033
3033
3035
3037
3039
3042
3043
3044
3044
3050
3050
3050
3053
3053
3055
3057
3058
3059
3061
3062
3062
3063
3063
3064
3064
3068
3072
3074
3074
3075
3076
3080
3080
3081
3081
3081
3082
3082
3082
3082
3083
3084
3084
3085
3086
3086
3088
3088
3094
3095
3096
3097
3097
3099
3101
3101
3102
3103
3103
3107
3107
3108
3109
3109
3110
3113
3114
3116
3117
3117
3120
3121
3121
3121
3124
3125
3125
3126
3127
3129
3130
3131
3132
3133
3133
3134
3136
3137
3137
3141
3142
3143
3144
3147
3149
3149
3149
3149
3149
3149
3154
3155
3156
3160
3161
3162
3163
3167
3168
3170
3171
3173
3173
3173
3175
3175
3177
3183
3185
3186
3187
3188
3189
3189
3190
3190
3190
3190
3190
3192
3198
3199
3199
3200
3200
3201
3204
3205
3206
3207
3209
3209
3209
3210
3210
3212
3216
3217
3217
3217
3218
3219
3219
3220
3221
3221
3228
3229
3229
3233
3235
3237
3238
3239
3239
3239
3240
3241
3242
3244
3244
3245
3246
3246
3246
3246
3248
3249
3252
3254
3254
3254
3255
3255
3260
3261
3263
3263
3264
3264
3267
3268
3270
3270
3270
3271
3273
3275
3276
3277
3278
3278
3279
3279
3279
3279
3280
3282
3285
3285
3285
3286
3286
3287
3287
3287
3287
3287
3288
3290
3290
3291
3291
3293
3294
3294
3294
3295
3296
3296
3298
3301
3302
3303
3308
3310
3313
3316
3316
3317
3318
3319
3320
3321
3325
3326
3326
3329
3331
3332
3332
3334
3334
3336
3336
3339
3340
3340
3340
3343
3344
3345
3346
3347
3350
3351
3353
3356
3356
3356
3357
3358
3359
3360
3361
3361
3362
3363
3365
3365
3365
3366
3366
3366
3366
3367
3367
3367
3368
3369
3370
3372
3373
3373
3374
3374
3376
3376
3379
3379
3381
3381
3382
3383
3386
3386
3386
3387
3388
3389
3389
3393
3394
3395
3396
3396
3397
3399
3399
3401
3403
3403
3403
3405
3406
3408
3408
3411
3412
3414
3414
3416
3417
3417
3418
3418
3419
3421
3422
3424
3426
3427
3428
3430
3430
3431
3432
3433
3434
3435
3435
3436
3436
3437
3438
3441
3441
3442
3443
3443
3444
3444
3444
3445
3447
3447
3448
3450
3453
3453
3454
3454
3454
3455
3459
3463
3463
3465
3465
3466
3467
3470
3470
3471
3471
3472
3473
3473
3476
3476
3477
3477
3477
3480
3481
3482
3482
3482
3483
3484
3484
3485
3485
3487
3489
3491
3495
3496
3496
3498
3501
3501
3507
3508
3511
3512
3513
3514
3514
3515
3517
3517
3517
3518
3519
3519
3520
3521
3525
3527
3527
3528
3531
3533
3533
3536
3539
3542
3543
3546
3546
3548
3548
3549
3551
3553
3553
3553
3554
3556
3559
3561
3561
3562
3562
3563
3565
3567
3567
3569
3571
3572
3574
3576
3577
3577
3577
3577
3578
3578
3578
3580
3581
3581
3587
3588
3588
3589
3591
3592
3593
3594
3596
3596
3596
3597
3598
3603
3604
3605
3606
3606
3607
3610
3611
3614
3616
3617
3617
3617
3618
3618
3619
3619
3620
3622
3623
3624
3625
3627
3628
3628
3630
3631
3632
3632
3633
3633
3634
3635
3636
3638
3638
3644
3645
3645
3645
3645
3646
3652
3653
3654
3655
3656
3657
3658
3661
3663
3665
3668
3668
3668
3672
3672
3673
3673
3676
3676
3677
3679
3679
3680
3681
3681
3682
3683
3683
3685
3688
3688
3690
3690
3691
3692
3692
3692
3693
3696
3696
3697
3699
3700
3701
3702
3703
3704
3705
3707
3710
3710
3711
3712
3715
3716
3718
3718
3720
3723
3726
3726
3728
3729
3730
3734
3735
3736
3739
3741
3741
3743
3744
3747
3748
3749
3750
3750
3750
3752
3754
3754
3755
3755
3756
3758
3762
3764
3766
3766
3766
3767
3767
3769
3770
3770
3771
3771
3772
3773
3775
3776
3777
3781
3783
3783
3788
3789
3791
3795
3797
3799
3801
3802
3805
3805
3806
3809
3810
3811
3813
3814
3815
3819
3820
3823
3823
3823
3827
3829
3831
3831
3831
3836
3836
3838
3839
3840
3844
3845
3847
3848
3849
3853
3853
3853
3853
3854
3857
3858
3859
3865
3866
3867
3867
3869
3871
3871
3873
3873
3874
3876
3877
3877
3878
3879
3881
3882
3885
3888
3888
3890
3891
3893
3896
3896
3896
3896
3897
3897
3899
3899
3899
3900
3902
3905
3906
3906
3906
3906
3907
3907
3907
3907
3907
3910
3911
3913
3920
3920
3921
3922
3923
3924
3924
3925
3925
3928
3930
3931
3931
3932
3932
3934
3942
3943
3943
3943
3944
3950
3951
3951
3951
3957
3957
3958
3958
3959
3961
3961
3962
3964
3964
3965
3965
3965
3967
3967
3967
3967
3970
3972
3974
3974
3976
3977
3978
3978
3988
3990
3990
3991
3994
3994
3997
3998
3999
3999
4000
4001
4002
4003
4004
4004
4006
4007
4007
4008
4009
4010
4012
4014
4017
4021
4022
4022
4023
4024
4025
4025
4027
4027
4028
4029
4029
4029
4029
4030
4031
4032
4033
4034
4037
4038
4040
4040
4042
4048
4049
4057
4059
4059
4061
4063
4066
4067
4069
4069
4074
4077
4079
4081
4082
4083
4086
4087
4087
4089
4089
4090
4092
4093
4093
4094
4098
4099
4101
4101
4104
4104
4105
4107
4109
4110
4110
4112
4116
4118
4118
4119
4124
4124
4126
4126
4127
4127
4130
4131
4131
4134
4134
4138
4138
4138
4139
4140
4142
4143
4145
4146
4147
4148
4149
4149
4150
4154
4156
4156
4160
4162
4162
4162
4163
4164
4166
4166
4167
4168
4172
4173
4174
4176
4182
4183
4184
4185
4186
4187
4187
4187
4192
4193
4196
4197
4198
4199
4199
4208
4209
4211
4214
4217
4219
4221
4221
4224
4229
4232
4232
4234
4236
4237
4241
4242
4246
4248
4250
4256
4258
4260
4264
4266
4266
4272
4272
4274
4275
4276
4277
4279
4281
4283
4284
4285
4291
4293
4298
4298
4299
4308
4309
4310
4311
4313
4316
4316
4317
4318
4318
4319
4325
4326
4327
4328
4329
4330
4330
4332
4332
4333
4335
4337
4340
4341
4342
4344
4348
4350
4351
4351
4352
4356
4356
4356
4357
4357
4357
4359
4361
4361
4364
4364
4366
4367
4370
4370
4370
4370
4372
4372
4374
4378
4378
4379
4379
4380
4380
4381
4381
4381
4381
4383
4387
4388
4388
4392
4393
4394
4394
4394
4394
4395
4396
4396
4397
4403
4404
4405
4407
4408
4409
4412
4414
4418
4418
4419
4419
4421
4423
4424
4426
4426
4429
4430
4430
4430
4431
4432
4433
4433
4434
4434
4434
4436
4439
4439
4440
4440
4442
4442
4442
4443
4444
4445
4447
4448
4449
4450
4451
4452
4455
4457
4460
4461
4465
4467
4468
4469
4470
4473
4476
4476
4477
4478
4480
4481
4483
4484
4485
4486
4488
4489
4490
4491
4492
4493
4493
4496
4504
4507
4507
4508
4509
4509
4510
4510
4510
4510
4510
4512
4513
4514
4514
4515
4516
4517
4519
4519
4521
4522
4523
4523
4523
4524
4529
4530
4531
4531
4532
4532
4535
4535
4536
4537
4539
4544
4544
4550
4551
4553
4560
4561
4561
4561
4563
4564
4565
4568
4570
4571
4571
4572
4572
4573
4573
4575
4575
4576
4577
4580
4581
4584
4587
4592
4597
4598
4598
4600
4600
4600
4601
4602
4603
4603
4603
4604
4608
4609
4615
4618
4618
4620
4621
4623
4625
4627
4631
4631
4633
4634
4634
4636
4642
4643
4644
4645
4645
4647
4649
4650
4653
4654
4656
4658
4659
4662
4662
4663
4665
4666
4670
4670
4674
4674
4674
4675
4675
4675
4675
4675
4675
4678
4679
4681
4682
4682
4682
4683
4684
4685
4686
4690
4691
4692
4692
4693
4693
4694
4696
4696
4697
4698
4698
4699
4701
4704
4704
4710
4710
4711
4712
4712
4715
4716
4716
4718
4720
4722
4723
4723
4724
4725
4726
4728
4730
4730
4731
4731
4732
4736
4736
4736
4741
4742
4743
4743
4743
4746
4746
4750
4751
4752
4753
4754
4755
4757
4758
4759
4761
4763
4763
4764
4767
4767
4767
4768
4768
4771
4771
4773
4773
4774
4775
4776
4779
4780
4781
4784
4786
4787
4788
4791
4793
4793
4796
4797
4798
4801
4801
4807
4808
4809
4815
4816
4816
4819
4820
4824
4824
4826
4827
4833
4834
4835
4835
4837
4838
4839
4841
4842
4843
4844
4846
4847
4850
4850
4851
4851
4852
4852
4852
4853
4854
4855
4856
4856
4857
4857
4857
4857
4858
4859
4862
4862
4865
4865
4866
4866
4866
4867
4869
4876
4878
4879
4880
4880
4882
4882
4883
4884
4889
4890
4891
4891
4893
4896
4899
4899
4900
4900
4904
4905
4906
4906
4907
4907
4909
4910
4911
4911
4912
4914
4916
4917
4921
4921
4923
4926
4926
4927
4928
4933
4935
4937
4937
4938
4939
4940
4940
4940
4941
4942
4943
4947
4948
4948
4948
4949
4953
4953
4954
4954
4955
4956
4956
4957
4957
4958
4960
4960
4960
4961
4963
4967
4973
4978
4978
4983
4983
4983
4988
4988
4988
4988
4989
4989
4990
4991
4993
4993
4994
4994
4995
4997
4998
4999
5003
5003
5006
5010
5012
5014
5016
5016
5019
5019
5019
5019
5021
5022
5024
5026
5028
5031
5032
5032
5034
5035
5035
5036
5036
5038
5039
5040
5043
5044
5046
5046
5048
5051
5051
5052
5053
5054
5054
5055
5055
5056
5058
5059
5060
5060
5063
5064
5065
5065
5066
5067
5068
5069
5070
5072
5072
5074
5078
5082
5085
5085
5086
5088
5090
5090
5097
5098
5098
5103
5114
5118
5118
5121
5123
5125
5127
5127
5128
5129
5129
5132
5133
5134
5136
5136
5140
5141
5141
5141
5144
5144
5145
5149
5152
5154
5156
5156
5158
5161
5165
5165
5165
5168
5168
5169
5169
5170
5172
5174
5179
5180
5193
5193
5193
5194
5195
5196
5197
5197
5199
5200
5201
5203
5205
5207
5209
5212
5212
5214
5215
5216
5216
5219
5221
5223
5224
5225
5226
5229
5230
5233
5234
5239
5241
5242
5242
5243
5243
5245
5245
5245
5246
5248
5249
5250
5250
5250
5251
5257
5262
5262
5266
5267
5271
5271
5276
5276
5278
5279
5279
5281
5282
5288
5289
5292
5294
5296
5297
5299
5300
5300
5301
5301
5306
5307
5309
5310
5311
5312
5313
5314
5319
5322
5322
5325
5325
5325
5335
5341
5341
5341
5342
5343
5344
5344
5345
5346
5349
5352
5356
5360
5363
5365
5366
5367
5367
5368
5369
5369
5370
5370
5370
5376
5377
5381
5381
5385
5388
5390
5398
5399
5401
5402
5403
5403
5405
5406
5406
5409
5410
5413
5413
5414
5414
5416
5418
5418
5418
5419
5420
5422
5424
5429
5430
5433
5435
5437
5437
5439
5442
5443
5444
5444
5448
5450
5451
5451
5452
5454
5456
5456
5456
5457
5458
5463
5463
5464
5464
5464
5464
5465
5467
5468
5468
5469
5472
5475
5475
5477
5480
5481
5484
5488
5490
5490
5491
5494
5496
5497
5499
5500
5501
5501
5507
5509
5510
5510
5517
5520
5522
5523
5524
5529
5531
5531
5532
5533
5537
5538
5539
5539
5541
5543
5543
5543
5544
5545
5546
5548
5549
5550
5551
5552
5552
5555
5555
5557
5557
5560
5561
5561
5564
5566
5570
5570
5571
5572
5573
5577
5578
5579
5579
5582
5588
5588
5588
5590
5591
5592
5595
5595
5596
5598
5599
5600
5601
5602
5604
5605
5606
5606
5610
5611
5616
5617
5617
5624
5625
5629
5629
5631
5633
5634
5634
5635
5636
5636
5638
5639
5640
5641
5641
5642
5643
5646
5648
5648
5650
5651
5653
5658
5658
5661
5666
5666
5668
5669
5670
5670
5672
5674
5675
5675
5676
5678
5679
5679
5680
5680
5681
5684
5686
5688
5690
5691
5693
5694
5700
5700
5705
5706
5710
5711
5715
5716
5716
5717
5718
5720
5724
5726
5727
5727
5729
5729
5729
5738
5743
5743
5750
5752
5752
5758
5760
5761
5761
5765
5765
5770
5770
5773
5774
5776
5780
5784
5786
5789
5791
5791
5798
5800
5800
5802
5804
5805
5810
5810
5811
5812
5812
5812
5813
5816
5817
5818
5819
5820
5820
5820
5825
5826
5826
5827
5827
5828
5834
5842
5842
5844
5846
5846
5847
5850
5851
5854
5855
5857
5858
5859
5859
5862
5862
5863
5863
5864
5864
5865
5866
5867
5867
5868
5868
5870
5870
5871
5872
5872
5877
5878
5878
5878
5886
5886
5887
5892
5894
5895
5895
5897
5897
5900
5902
5904
5905
5906
5909
5909
5911
5914
5915
5916
5917
5917
5918
5923
5929
5930
5932
5933
5936
5938
5938
5942
5944
5946
5946
5946
5948
5950
5951
5952
5953
5955
5958
5963
5963
5965
5966
5966
5967
5970
5978
5979
5979
5981
5981
5982
5984
5985
5985
5987
5987
5988
5989
5992
5992
5994
5995
5997
6008
6010
6011
6011
6012
6015
6015
6016
6016
6019
6021
6023
6025
6030
6031
6035
6038
6040
6040
6042
6043
6045
6047
6047
6051
6052
6053
6055
6056
6056
6057
6058
6058
6059
6060
6061
6061
6062
6062
6065
6070
6074
6075
6076
6079
6079
6079
6081
6082
6084
6087
6092
6092
6095
6100
6105
6107
6108
6109
6109
6112
6112
6114
6114
6118
6119
6121
6122
6126
6127
6127
6129
6130
6132
6133
6135
6136
6137
6138
6141
6143
6143
6143
6148
6149
6151
6153
6154
6154
6155
6159
6160
6165
6167
6173
6173
6178
6179
6179
6180
6185
6188
6188
6189
6189
6191
6192
6197
6198
6198
6199
6201
6205
6207
6208
6208
6210
6211
6218
6219
6219
6219
6220
6223
6224
6227
6230
6230
6230
6232
6232
6233
6236
6236
6240
6240
6241
6242
6242
6243
6243
6244
6245
6247
6247
6248
6248
6248
6251
6253
6253
6254
6255
6255
6255
6256
6257
6258
6259
6259
6260
6261
6268
6271
6271
6272
6273
6275
6275
6275
6279
6280
6284
6286
6289
6290
6292
6293
6294
6295
6296
6297
6302
6305
6308
6311
6311
6312
6315
6315
6318
6319
6321
6321
6322
6323
6324
6325
6325
6329
6330
6334
6339
6339
6340
6341
6346
6346
6346
6347
6347
6349
6350
6356
6357
6360
6361
6361
6362
6362
6364
6368
6369
6369
6372
6373
6373
6376
6376
6384
6384
6384
6386
6386
6387
6391
6394
6394
6398
6401
6402
6405
6407
6408
6412
6413
6413
6413
6414
6415
6417
6417
6418
6419
6423
6423
6427
6431
6434
6437
6439
6441
6443
6444
6444
6445
6446
6448
6449
6452
6453
6455
6457
6459
6461
6461
6470
6470
6475
6476
6477
6479
6482
6482
6484
6485
6487
6490
6490
6490
6490
6491
6493
6495
6495
6495
6496
6501
6504
6505
6506
6510
6513
6514
6519
6520
6522
6524
6525
6525
6529
6532
6534
6534
6538
6542
6543
6551
6552
6553
6554
6555
6556
6557
6558
6561
6569
6571
6573
6573
6573
6574
6577
6580
6581
6582
6582
6588
6591
6592
6592
6601
6603
6607
6607
6607
6607
6608
6612
6614
6615
6620
6620
6622
6622
6624
6624
6624
6628
6632
6632
6634
6634
6635
6636
6637
6638
6639
6639
6640
6642
6650
6655
6659
6664
6667
6667
6668
6669
6669
6671
6672
6672
6672
6673
6673
6673
6674
6674
6675
6676
6677
6682
6685
6687
6687
6687
6689
6692
6692
6693
6693
6698
6698
6698
6699
6699
6700
6700
6700
6704
6705
6705
6709
6711
6712
6713
6714
6714
6717
6718
6718
6719
6719
6721
6722
6725
6725
6729
6733
6734
6734
6737
6737
6737
6739
6741
6742
6743
6746
6747
6755
6755
6758
6759
6759
6759
6760
6761
6761
6761
6761
6762
6763
6766
6767
6768
6768
6770
6771
6773
6774
6777
6780
6790
6790
6791
6793
6795
6797
6802
6802
6803
6804
6808
6811
6814
6814
6815
6815
6816
6819
6819
6820
6822
6825
6833
6833
6835
6836
6838
6839
6841
6843
6845
6851
6853
6855
6856
6856
6859
6860
6861
6864
6865
6867
6869
6874
6874
6878
6880
6880
6880
6882
6884
6885
6889
6892
6893
6896
6897
6899
6900
6900
6904
6909
6912
6913
6915
6915
6915
6919
6920
6922
6925
6927
6927
6927
6927
6930
6931
6933
6933
6935
6936
6936
6938
6939
6939
6941
6941
6944
6945
6945
6954
6957
6957
6957
6958
6962
6962
6963
6964
6964
6965
6966
6967
6968
6970
6970
6978
6978
6979
6979
6981
6981
6988
6991
6992
6993
6995
6997
6998
7000
7000
7001
7004
7006
7006
7010
7010
7014
7015
7026
7029
7030
7031
7032
7032
7034
7038
7039
7039
7042
7043
7044
7044
7045
7046
7047
7048
7048
7050
7051
7052
7055
7056
7058
7064
7065
7066
7068
7071
7077
7077
7078
7078
7080
7083
7084
7086
7090
7090
7092
7092
7094
7097
7099
7100
7104
7104
7105
7110
7112
7114
7122
7124
7125
7125
7126
7130
7132
7132
7134
7142
7143
7144
7146
7146
7146
7147
7147
7148
7149
7149
7150
7153
7154
7157
7157
7157
7159
7163
7163
7170
7171
7171
7172
7172
7172
7172
7176
7178
7180
7182
7182
7183
7183
7184
7185
7188
7194
7195
7198
7200
7202
7203
7203
7205
7205
7207
7207
7209
7210
7211
7212
7216
7217
7219
7224
7226
7228
7229
7232
7233
7233
7236
7237
7241
7243
7243
7244
7246
7246
7247
7247
7248
7248
7251
7252
7254
7254
7263
7266
7267
7268
7268
7271
7272
7273
7279
7281
7281
7281
7282
7283
7288
7288
7289
7289
7289
7295
7296
7299
7302
7304
7305
7307
7307
7309
7318
7318
7320
7326
7330
7334
7335
7336
7338
7339
7340
7340
7343
7347
7348
7348
7349
7351
7353
7354
7354
7354
7356
7357
7359
7360
7363
7363
7366
7369
7371
7371
7371
7372
7373
7373
7373
7374
7376
7376
7377
7382
7384
7390
7391
7391
7392
7393
7395
7396
7397
7402
7403
7407
7407
7408
7410
7410
7411
7416
7418
7419
7420
7420
7421
7421
7426
7427
7428
7429
7430
7435
7435
7441
7442
7443
7443
7445
7448
7452
7452
7453
7454
7455
7457
7457
7459
7460
7460
7463
7465
7466
7467
7468
7470
7471
7473
7474
7475
7479
7483
7485
7486
7489
7499
7502
7506
7507
7508
7509
7513
7516
7517
7517
7518
7520
7520
7520
7522
7523
7525
7527
7527
7527
7528
7529
7529
7532
7534
7534
7535
7535
7537
7539
7541
7542
7549
7550
7552
7552
7553
7553
7554
7561
7563
7564
7564
7565
7568
7569
7570
7571
7572
7573
7576
7577
7579
7582
7586
7588
7589
7591
7592
7595
7595
7597
7597
7602
7603
7603
7606
7608
7612
7613
7614
7620
7622
7622
7624
7625
7629
7630
7632
7634
7634
7636
7636
7640
7641
7644
7645
7646
7648
7649
7649
7651
7653
7655
7656
7657
7657
7659
7662
7664
7666
7666
7668
7675
7677
7677
7677
7677
7678
7679
7680
7681
7681
7682
7683
7685
7686
7687
7690
7690
7691
7692
7693
7694
7695
7697
7697
7697
7700
7703
7704
7707
7709
7714
7716
7716
7716
7720
7725
7726
7728
7729
7730
7730
7731
7734
7735
7736
7738
7739
7741
7748
7748
7749
7751
7753
7754
7755
7757
7760
7761
7765
7767
7767
7769
7769
7769
7770
7771
7773
7774
7777
7779
7780
7780
7780
7782
7783
7784
7784
7785
7785
7786
7789
7790
7792
7795
7802
7805
7805
7806
7807
7809
7810
7810
7815
7816
7816
7817
7818
7818
7823
7823
7823
7825
7825
7826
7828
7832
7832
7835
7835
7835
7839
7839
7840
7842
7843
7844
7845
7850
7854
7856
7856
7858
7859
7861
7861
7863
7866
7867
7869
7871
7871
7871
7874
7876
7876
7877
7878
7883
7885
7888
7889
7889
7890
7894
7896
7898
7899
7900
7905
7907
7908
7909
7909
7910
7910
7910
7912
7916
7917
7921
7922
7923
7926
7926
7926
7927
7927
7927
7929
7930
7931
7933
7933
7936
7936
7937
7944
7950
7952
7952
7956
7959
7962
7964
7969
7972
7973
7977
7985
7985
7987
7989
7989
7995
7996
7999
8003
8003
8004
8007
8009
8013
8014
8014
8016
8017
8018
8022
8023
8023
8027
8033
8035
8035
8035
8039
8039
8043
8045
8046
8048
8049
8052
8053
8054
8058
8059
8060
8060
8062
8062
8064
8068
8068
8070
8073
8073
8074
8074
8075
8075
8075
8078
8079
8082
8083
8086
8087
8087
8087
8088
8091
8097
8098
8098
8100
8107
8109
8109
8114
8115
8115
8116
8118
8121
8124
8128
8129
8130
8133
8134
8136
8136
8138
8139
8141
8141
8143
8144
8146
8148
8149
8149
8156
8163
8164
8164
8169
8170
8173
8175
8175
8178
8179
8181
8183
8183
8185
8186
8187
8190
8193
8195
8195
8197
8197
8200
8202
8203
8203
8203
8206
8207
8209
8210
8213
8217
8217
8219
8219
8224
8232
8232
8235
8237
8237
8238
8239
8239
8244
8246
8253
8256
8263
8269
8269
8270
8271
8272
8275
8276
8279
8280
8280
8283
8286
8287
8288
8293
8294
8294
8294
8295
8295
8296
8300
8302
8302
8305
8305
8306
8308
8310
8310
8310
8315
8316
8317
8321
8321
8323
8325
8325
8326
8329
8330
8330
8331
8336
8336
8340
8340
8341
8344
8345
8346
8346
8347
8347
8348
8352
8352
8354
8356
8357
8357
8360
8362
8364
8365
8367
8369
8371
8376
8381
8383
8384
8384
8388
8396
8396
8396
8400
8401
8401
8403
8408
8408
8410
8410
8415
8415
8415
8416
8418
8418
8421
8427
8428
8430
8431
8433
8435
8438
8440
8440
8442
8444
8445
8456
8458
8458
8459
8461
8462
8462
8463
8467
8471
8471
8472
8477
8477
8484
8484
8488
8489
8491
8492
8496
8496
8500
8501
8501
8505
8507
8508
8509
8509
8511
8512
8513
8514
8514
8515
8517
8520
8522
8522
8531
8533
8533
8534
8534
8536
8537
8539
8544
8545
8549
8552
8553
8554
8555
8561
8565
8565
8566
8568
8570
8573
8573
8576
8578
8579
8581
8584
8584
8585
8588
8591
8592
8594
8595
8596
8597
8598
8598
8602
8604
8604
8607
8607
8608
8608
8610
8611
8621
8624
8624
8626
8627
8628
8629
8634
8637
8640
8643
8646
8649
8652
8654
8655
8657
8661
8661
8666
8666
8669
8671
8674
8676
8682
8683
8685
8687
8687
8695
8696
8701
8705
8708
8709
8709
8712
8713
8715
8716
8717
8718
8722
8726
8727
8736
8736
8739
8743
8744
8744
8745
8749
8751
8755
8755
8755
8757
8758
8758
8759
8765
8765
8765
8765
8767
8773
8779
8781
8782
8783
8785
8788
8788
8789
8790
8791
8792
8793
8801
8803
8804
8804
8808
8809
8810
8815
8817
8818
8820
8820
8821
8822
8822
8824
8826
8827
8827
8827
8833
8837
8837
8849
8850
8850
8852
8854
8858
8859
8860
8861
8863
8863
8864
8865
8869
8870
8873
8875
8878
8881
8883
8887
8889
8889
8889
8895
8898
8898
8899
8901
8903
8903
8904
8906
8910
8912
8913
8913
8913
8913
8915
8920
8922
8923
8925
8928
8930
8931
8931
8931
8931
8932
8932
8934
8935
8936
8937
8938
8938
8939
8947
8956
8959
8960
8962
8963
8964
8965
8965
8968
8969
8974
8975
8978
8978
8980
8980
8983
8983
8986
8987
8999
9001
9012
9013
9014
9019
9022
9022
9024
9024
9033
9034
9035
9038
9041
9041
9042
9047
9050
9052
9054
9056
9056
9058
9059
9060
9062
9062
9063
9064
9067
9068
9068
9073
9073
9074
9081
9081
9082
9085
9086
9089
9093
9096
9096
9096
9098
9101
9105
9106
9109
9111
9111
9112
9118
9120
9123
9125
9125
9126
9128
9131
9131
9132
9132
9132
9136
9139
9139
9140
9140
9140
9140
9140
9147
9148
9148
9153
9154
9161
9163
9165
9167
9167
9174
9175
9175
9176
9178
9178
9178
9180
9182
9183
9184
9184
9184
9185
9186
9194
9196
9202
9208
9209
9209
9213
9215
9215
9216
9217
9219
9221
9221
9224
9224
9227
9231
9240
9243
9244
9248
9252
9263
9266
9266
9268
9277
9278
9281
9281
9286
9287
9291
9292
9293
9296
9298
9300
9305
9307
9308
9308
9308
9308
9310
9314
9318
9321
9324
9326
9328
9329
9332
9337
9338
9339
9341
9343
9345
9354
9355
9360
9360
9362
9371
9376
9377
9378
9380
9384
9386
9386
9390
9394
9407
9409
9412
9414
9414
9420
9423
9424
9429
9430
9433
9435
9435
9436
9439
9440
9440
9441
9442
9443
9446
9447
9448
9454
9456
9458
9459
9460
9464
9466
9469
9470
9473
9473
9473
9474
9474
9475
9476
9477
9478
9481
9482
9483
9483
9487
9489
9493
9494
9494
9495
9495
9496
9498
9499
9500
9503
9503
9504
9510
9511
9511
9513
9514
9515
9515
9517
9519
9519
9520
9522
9526
9527
9528
9530
9531
9533
9536
9536
9540
9545
9550
9550
9555
9556
9557
9558
9558
9558
9561
9563
9564
9568
9568
9571
9571
9575
9575
9577
9578
9578
9578
9584
9588
9589
9591
9593
9594
9599
9603
9607
9608
9618
9620
9621
9621
9623
9625
9625
9629
9633
9633
9637
9638
9638
9639
9644
9647
9647
9652
9656
9667
9673
9674
9675
9676
9679
9687
9687
9687
9689
9690
9690
9690
9692
9693
9694
9696
9696
9702
9703
9703
9711
9721
9722
9723
9724
9727
9727
9729
9731
9733
9734
9735
9738
9740
9740
9744
9748
9749
9750
9754
9754
9760
9761
9762
9769
9771
9771
9775
9779
9780
9782
9783
9787
9787
9789
9792
9793
9796
9798
9799
9799
9802
9802
9810
9812
9813
9813
9814
9815
9816
9819
9824
9826
9831
9831
9831
9835
9842
9846
9848
9849
9850
9853
9853
9859
9861
9864
9864
9865
9865
9865
9869
9872
9876
9877
9880
9880
9883
9886
9888
9889
9891
9892
9893
9896
9897
9897
9897
9897
9902
9903
9903
9903
9903
9907
9908
9908
9909
9909
9910
9915
9917
9919
9920
9922
9922
9923
9924
9924
9925
9930
9933
9934
9939
9940
9944
9946
9952
9952
9952
9959
9960
9961
9963
9963
9965
9967
9969
9971
9973
9976
9977
9977
9978
9979
9980
9981
9983
9984
9987
9987
9988
9989
9989
9994
9995
9996
9999
10006
10007
10008
10010
10010
10011
10017
10020
10022
10027
10030
10032
10032
10033
10036
10038
10038
10040
10040
10040
10046
10049
10050
10051
10054
10055
10055
10057
10067
10068
10070
10073
10076
10078
10081
10087
10088
10090
10096
10097
10100
10103
10106
10106
10109
10115
10115
10118
10118
10120
10120
10121
10123
10130
10130
10132
10132
10133
10138
10139
10142
10150
10151
10153
10154
10157
10160
10162
10169
10170
10170
10171
10177
10177
10179
10179
10182
10186
10186
10186
10187
10189
10195
10196
10203
10204
10205
10206
10215
10218
10221
10223
10224
10227
10228
10231
10236
10241
10241
10242
10243
10243
10245
10247
10248
10250
10252
10254
10256
10256
10258
10258
10259
10263
10263
10269
10270
10273
10277
10278
10281
10288
10294
10296
10296
10298
10304
10308
10309
10309
10309
10310
10313
10313
10314
10314
10318
10319
10322
10330
10333
10334
10334
10335
10339
10339
10340
10341
10341
10342
10342
10345
10346
10348
10357
10357
10359
10359
10359
10361
10365
10365
10371
10371
10372
10372
10378
10379
10380
10381
10382
10382
10383
10384
10386
10386
10394
10395
10395
10399
10405
10406
10409
10419
10420
10422
10424
10425
10425
10428
10428
10430
10432
10434
10434
10444
10445
10447
10449
10451
10451
10456
10458
10462
10465
10468
10470
10471
10472
10472
10475
10477
10478
10479
10482
10482
10485
10496
10498
10502
10502
10502
10502
10504
10507
10507
10508
10516
10520
10523
10524
10524
10528
10531
10532
10534
10537
10537
10539
10539
10539
10551
10553
10560
10561
10566
10567
10569
10569
10569
10570
10570
10572
10572
10576
10579
10579
10584
10585
10585
10586
10586
10589
10590
10591
10591
10592
10593
10594
10596
10600
10600
10603
10608
10609
10611
10613
10616
10619
10619
10623
10631
10635
10638
10638
10638
10646
10647
10647
10648
10651
10652
10655
10656
10656
10656
10659
10660
10663
10664
10665
10666
10667
10668
10669
10670
10670
10671
10676
10679
10680
10681
10684
10686
10687
10693
10697
10698
10699
10699
10701
10709
10711
10711
10719
10721
10730
10730
10731
10732
10735
10737
10739
10741
10742
10745
10750
10752
10752
10752
10753
10766
10768
10769
10769
10772
10775
10776
10778
10782
10787
10787
10794
10797
10799
10799
10799
10803
10812
10813
10817
10821
10821
10822
10824
10826
10828
10828
10838
10838
10842
10844
10844
10846
10846
10851
10851
10853
10861
10865
10865
10866
10868
10876
10878
10885
10887
10888
10894
10895
10898
10898
10900
10901
10905
10908
10911
10917
10920
10922
10928
10931
10932
10933
10935
10953
10955
10956
10956
10957
10957
10960
10962
10963
10963
10964
10968
10969
10971
10973
10974
10975
10977
10978
10979
10980
10985
10988
10988
10990
10991
10994
11002
11002
11003
11004
11012
11014
11014
11015
11016
11016
11018
11018
11020
11021
11022
11023
11026
11027
11032
11032
11034
11038
11038
11038
11039
11040
11042
11044
11048
11048
11051
11053
11055
11058
11058
11059
11061
11062
11067
11070
11077
11080
11082
11083
11097
11098
11100
11100
11100
11101
11104
11109
11112
11116
11118
11119
11121
11122
11124
11126
11132
11135
11135
11136
11136
11139
11139
11146
11148
11153
11158
11168
11171
11173
11179
11182
11183
11188
11193
11195
11196
11197
11198
11202
11204
11205
11205
11206
11209
11211
11214
11219
11222
11225
11230
11231
11234
11234
11237
11238
11239
11243
11247
11248
11249
11251
11254
11254
11257
11258
11267
11271
11272
11279
11282
11283
11283
11289
11293
11295
11299
11301
11302
11305
11306
11316
11318
11320
11325
11326
11332
11337
11338
11344
11345
11345
11354
11355
11355
11359
11361
11365
11365
11370
11371
11371
11373
11373
11378
11379
11379
11381
11385
11386
11393
11394
11394
11396
11400
11400
11401
11406
11406
11409
11412
11413
11413
11415
11422
11423
11424
11427
11431
11433
11440
11443
11443
11445
11449
11449
11451
11456
11457
11457
11457
11460
11463
11465
11467
11469
11474
11474
11476
11479
11480
11481
11486
11488
11488
11492
11493
11494
11495
11496
11500
11500
11501
11503
11507
11510
11513
11517
11521
11522
11525
11526
11528
11530
11536
11542
11545
11546
11548
11550
11551
11556
11558
11563
11566
11567
11569
11570
11571
11579
11581
11581
11583
11586
11587
11593
11595
11599
11607
11609
11609
11612
11614
11623
11624
11626
11627
11628
11628
11635
11644
11644
11644
11644
11646
11647
11649
11652
11655
11659
11660
11660
11661
11663
11672
11676
11678
11679
11679
11679
11680
11687
11688
11693
11693
11697
11704
11708
11708
11712
11714
11714
11714
11715
11716
11718
11720
11721
11725
11725
11728
11734
11739
11742
11743
11743
11744
11745
11746
11750
11760
11764
11765
11765
11775
11781
11782
11787
11791
11798
11803
11806
11810
11810
11810
11810
11817
11821
11821
11822
11823
11826
11829
11831
11833
11835
11835
11840
11840
11841
11843
11844
11845
11845
11845
11847
11848
11849
11855
11862
11863
11865
11865
11868
11871
11871
11871
11872
11876
11876
11884
11887
11892
11897
11899
11902
11905
11913
11913
11914
11922
11923
11924
11925
11931
11935
11935
11937
11937
11940
11950
11956
11965
11970
11971
11982
11982
11983
11987
12000
12003
12006
12007
12014
12014
12017
12024
12030
12033
12034
12035
12036
12045
12057
12058
12060
12064
12070
12076
12076
12077
12082
12083
12085
12085
12087
12090
12095
12098
12101
12102
12105
12107
12108
12110
12111
12113
12118
12119
12120
12121
12122
12128
12133
12137
12143
12145
12146
12146
12148
12150
12152
12155
12160
12166
12169
12175
12177
12177
12178
12179
12181
12181
12183
12185
12189
12192
12193
12204
12206
12210
12211
12212
12215
12216
12221
12234
12237
12238
12242
12242
12243
12249
12249
12249
12254
12254
12255
12259
12268
12270
12271
12271
12271
12278
12280
12281
12282
12283
12285
12286
12286
12288
12293
12293
12293
12297
12297
12299
12300
12303
12307
12308
12311
12319
12326
12328
12328
12332
12333
12337
12337
12337
12338
12340
12340
12351
12358
12362
12363
12377
12378
12387
12388
12389
12394
12394
12395
12403
12403
12407
12413
12414
12415
12425
12426
12430
12430
12431
12432
12433
12434
12437
12443
12444
12446
12448
12448
12453
12455
12456
12461
12463
12466
12472
12473
12473
12476
12478
12480
12483
12485
12489
12492
12502
12505
12507
12514
12516
12516
12517
12519
12523
12530
12533
12533
12533
12535
12536
12538
12538
12540
12547
12551
12551
12551
12554
12556
12557
12563
12568
12569
12574
12574
12584
12588
12590
12591
12591
12595
12601
12608
12610
12614
12621
12636
12638
12639
12639
12640
12645
12646
12646
12649
12659
12665
12668
12684
12688
12696
12698
12699
12700
12701
12701
12710
12719
12719
12727
12729
12744
12744
12747
12749
12749
12750
12754
12766
12769
12774
12775
12788
12792
12793
12801
12801
12803
12804
12808
12813
12814
12829
12835
12838
12839
12843
12844
12848
12849
12852
12853
12854
12857
12860
12860
12864
12866
12869
12870
12875
12876
12876
12878
12879
12883
12883
12884
12884
12887
12891
12892
12896
12902
12904
12904
12905
12909
12909
12913
12913
12919
12920
12923
12926
12928
12931
12932
12934
12940
12943
12944
12945
12950
12955
12956
12963
12964
12969
12971
12972
12972
12974
12986
12987
12989
12991
12993
12998
12998
13000
13009
13010
13011
13014
13014
13015
13016
13016
13018
13022
13023
13038
13039
13039
13044
13046
13048
13050
13052
13056
13060
13060
13061
13062
13069
13071
13071
13073
13078
13078
13078
13086
13086
13092
13099
13100
13103
13105
13106
13107
13108
13109
13121
13124
13126
13127
13127
13132
13132
13142
13148
13150
13151
13154
13155
13158
13159
13164
13166
13166
13168
13173
13178
13180
13185
13187
13187
13188
13189
13194
13201
13202
13210
13212
13213
13213
13219
13220
13221
13223
13224
13231
13231
13232
13235
13237
13237
13237
13238
13242
13247
13248
13253
13253
13254
13260
13262
13267
13269
13270
13271
13272
13274
13275
13276
13282
13282
13283
13286
13286
13288
13288
13289
13292
13295
13296
13298
13302
13302
13303
13307
13307
13307
13313
13314
13319
13321
13327
13329
13330
13331
13332
13341
13343
13347
13355
13358
13359
13359
13364
13364
13365
13366
13369
13370
13370
13371
13380
13383
13383
13396
13400
13418
13420
13423
13424
13425
13430
13431
13433
13436
13437
13439
13442
13447
13448
13448
13451
13455
13459
13459
13467
13469
13470
13475
13475
13479
13479
13488
13488
13496
13499
13507
13507
13515
13531
13533
13534
13535
13539
13540
13545
13545
13554
13568
13569
13577
13581
13581
13586
13587
13590
13592
13593
13596
13597
13602
13605
13607
13608
13610
13611
13611
13612
13627
13627
13630
13636
13639
13641
13641
13642
13644
13647
13649
13652
13654
13655
13657
13658
13659
13661
13664
13668
13668
13669
13670
13673
13680
13687
13688
13689
13691
13695
13697
13698
13710
13718
13719
13723
13724
13724
13733
13733
13735
13736
13742
13744
13744
13745
13746
13751
13758
13760
13760
13762
13763
13765
13766
13766
13767
13770
13772
13777
13778
13779
13781
13790
13793
13795
13797
13801
13807
13809
13810
13819
13820
13822
13827
13827
13828
13828
13838
13840
13845
13849
13855
13858
13859
13863
13872
13874
13880
13881
13884
13884
13885
13885
13887
13899
13899
13907
13911
13913
13917
13921
13922
13926
13929
13933
13934
13934
13938
13941
13941
13946
13946
13952
13952
13958
13962
13967
13967
13969
13973
13974
13977
13988
13989
13992
13995
13996
13996
13997
13998
13999
14000
14002
14015
14015
14015
14019
14019
14022
14022
14024
14028
14028
14033
14034
14035
14037
14039
14042
14044
14045
14048
14053
14055
14056
14059
14062
14062
14069
14070
14072
14073
14074
14078
14079
14089
14091
14092
14092
14093
14098
14101
14102
14107
14111
14115
14116
14133
14144
14149
14158
14166
14176
14177
14178
14181
14182
14188
14196
14197
14203
14223
14223
14225
14226
14230
14231
14242
14244
14246
14247
14255
14257
14259
14259
14267
14269
14272
14275
14276
14276
14277
14278
14279
14284
14288
14290
14293
14293
14295
14295
14295
14300
14303
14304
14308
14310
14314
14315
14322
14323
14324
14325
14326
14328
14330
14331
14340
14350
14352
14355
14357
14357
14358
14378
14383
14394
14396
14401
14405
14412
14415
14421
14422
14426
14426
14433
14433
14435
14436
14438
14440
14445
14449
14454
14455
14459
14461
14461
14462
14466
14467
14471
14474
14480
14481
14482
14486
14486
14487
14493
14501
14506
14511
14513
14521
14522
14525
14527
14530
14530
14530
14535
14538
14538
14545
14547
14551
14553
14553
14557
14567
14567
14579
14582
14584
14585
14585
14586
14590
14590
14590
14592
14598
14601
14605
14615
14618
14621
14623
14628
14629
14630
14631
14632
14635
14638
14638
14639
14649
14650
14651
14652
14656
14666
14668
14669
14671
14671
14679
14685
14696
14700
14701
14703
14708
14718
14722
14725
14736
14743
14743
14752
14763
14765
14766
14767
14770
14773
14774
14776
14782
14783
14787
14789
14792
14796
14800
14810
14812
14812
14813
14816
14817
14824
14824
14825
14825
14832
14834
14835
14835
14847
14860
14861
14864
14865
14868
14874
14878
14878
14881
14889
14895
14900
14901
14906
14906
14907
14909
14911
14912
14915
14920
14923
14925
14925
14931
14931
14933
14940
14949
14950
14952
14954
14957
14959
14972
14984
14987
14989
14997
15000
15003
15006
15006
15009
15010
15012
15013
15016
15016
15017
15017
15018
15021
15021
15024
15027
15033
15034
15038
15041
15041
15045
15046
15048
15054
15054
15056
15061
15061
15062
15064
15068
15071
15071
15079
15083
15083
15086
15090
15094
15097
15098
15099
15104
15107
15108
15112
15115
15123
15125
15127
15127
15129
15129
15133
15136
15137
15137
15143
15147
15147
15148
15148
15152
15152
15154
15178
15185
15187
15193
15194
15197
15200
15206
15207
15209
15215
15218
15225
15226
15227
15228
15228
15229
15236
15236
15239
15239
15241
15244
15247
15248
15257
15259
15261
15267
15275
15276
15276
15286
15287
15290
15292
15294
15296
15296
15301
15306
15313
15317
15324
15327
15328
15332
15333
15333
15346
15346
15354
15356
15357
15358
15360
15364
15365
15365
15366
15367
15377
15380
15380
15384
15390
15391
15398
15399
15401
15412
15418
15420
15421
15432
15435
15439
15440
15440
15441
15443
15444
15445
15451
15452
15452
15452
15458
15460
15460
15465
15468
15468
15473
15476
15478
15480
15484
15485
15488
15491
15492
15493
15494
15497
15502
15503
15506
15508
15510
15513
15515
15518
15522
15525
15528
15530
15531
15531
15534
15535
15544
15549
15551
15551
15555
15558
15559
15580
15585
15594
15597
15597
15600
15607
15621
15626
15635
15637
15640
15642
15643
15648
15649
15650
15657
15659
15662
15663
15664
15668
15671
15674
15675
15683
15684
15693
15700
15703
15709
15715
15716
15728
15728
15729
15731
15738
15745
15746
15746
15750
15752
15752
15755
15756
15764
15766
15776
15783
15785
15786
15789
15794
15796
15798
15798
15799
15799
15801
15804
15812
15814
15825
15825
15826
15827
15829
15834
15835
15837
15841
15845
15845
15849
15850
15853
15854
15857
15859
15859
15859
15863
15867
15873
15876
15879
15892
15897
15898
15902
15904
15908
15909
15911
15914
15914
15918
15925
15933
15937
15942
15946
15956
15958
15964
15965
15966
15970
15975
15975
15983
15991
15993
15994
15994
15998
16011
16012
16020
16022
16024
16037
16049
16053
16053
16054
16056
16065
16068
16092
16096
16097
16106
16109
16113
16117
16119
16120
16122
16123
16124
16130
16131
16142
16144
16146
16150
16152
16153
16157
16158
16160
16160
16162
16162
16164
16166
16166
16170
16170
16172
16176
16177
16179
16181
16185
16189
16194
16194
16198
16198
16199
16202
16224
16236
16245
16248
16250
16250
16255
16256
16263
16265
16265
16266
16267
16268
16268
16276
16292
16301
16305
16309
16309
16313
16314
16316
16316
16317
16319
16322
16323
16323
16323
16333
16334
16336
16338
16342
16343
16346
16348
16349
16353
16353
16369
16372
16376
16383
16386
16402
16404
16405
16408
16411
16417
16422
16424
16428
16432
16436
16439
16442
16444
16458
16459
16465
16469
16479
16481
16490
16500
16500
16500
16508
16513
16515
16518
16521
16531
16533
16533
16534
16565
16570
16572
16574
16574
16579
16580
16581
16584
16584
16589
16596
16597
16600
16600
16604
16604
16608
16615
16617
16619
16626
16627
16628
16629
16630
16635
16636
16640
16647
16648
16650
16658
16664
16679
16681
16683
16685
16702
16703
16711
16712
16718
16721
16727
16732
16733
16736
16742
16750
16751
16757
16761
16764
16773
16778
16782
16787
16789
16793
16795
16802
16802
16804
16807
16814
16819
16819
16825
16830
16838
16839
16840
16846
16847
16848
16850
16855
16861
16861
16869
16878
16879
16890
16894
16895
16899
16904
16908
16908
16910
16914
16918
16920
16922
16928
16928
16930
16936
16938
16938
16940
16942
16945
16962
16976
16985
16985
16988
16989
16998
17000
17003
17007
17007
17007
17009
17013
17028
17031
17034
17035
17060
17060
17061
17062
17064
17064
17064
17064
17065
17067
17067
17069
17070
17071
17075
17076
17077
17081
17088
17090
17101
17105
17107
17111
17111
17111
17114
17115
17118
17118
17119
17120
17123
17130
17136
17136
17137
17137
17143
17147
17151
17157
17161
17164
17165
17165
17166
17168
17169
17172
17178
17180
17195
17196
17197
17199
17208
17213
17219
17220
17222
17223
17228
17228
17230
17235
17238
17247
17249
17262
17273
17275
17276
17279
17280
17280
17285
17285
17293
17296
17297
17297
17299
17300
17306
17310
17314
17315
17317
17326
17328
17329
17331
17331
17333
17339
17340
17347
17350
17351
17364
17367
17368
17377
17381
17396
17397
17416
17420
17427
17429
17429
17431
17434
17435
17443
17444
17447
17450
17455
17458
17461
17467
17471
17475
17484
17485
17485
17487
17489
17491
17492
17496
17496
17501
17501
17502
17502
17507
17511
17512
17516
17519
17520
17520
17523
17525
17526
17529
17530
17533
17544
17544
17545
17552
17554
17568
17568
17576
17582
17586
17586
17589
17595
17595
17598
17601
17601
17602
17605
17623
17626
17632
17634
17638
17638
17639
17641
17645
17650
17652
17653
17659
17661
17663
17663
17664
17665
17668
17670
17677
17678
17680
17680
17691
17694
17701
17705
17714
17716
17720
17720
17733
17734
17734
17736
17750
17750
17779
17780
17786
17786
17787
17801
17807
17808
17809
17811
17821
17824
17835
17839
17841
17846
17846
17846
17850
17851
17851
17856
17856
17858
17858
17860
17861
17862
17865
17869
17870
17870
17870
17873
17873
17877
17878
17879
17885
17885
17888
17890
17896
17896
17899
17899
17900
17902
17914
17915
17915
17925
17928
17931
17931
17946
17947
17949
17950
17953
17953
17958
17962
17967
17975
17975
17975
17975
17979
17982
17984
17986
17987
18003
18003
18009
18020
18022
18025
18028
18033
18034
18034
18035
18036
18042
18042
18043
18048
18050
18051
18053
18060
18063
18065
18071
18072
18074
18076
18087
18089
18094
18098
18101
18109
18111
18115
18116
18116
18121
18123
18128
18130
18135
18136
18137
18137
18148
18154
18160
18160
18170
18181
18185
18191
18194
18195
18202
18209
18220
18223
18232
18239
18245
18246
18256
18257
18261
18262
18272
18278
18285
18288
18289
18300
18309
18314
18323
18328
18335
18338
18340
18342
18347
18360
18366
18372
18373
18382
18388
18390
18391
18403
18406
18407
18413
18413
18413
18423
18439
18441
18443
18455
18458
18458
18461
18462
18462
18464
18476
18477
18478
18478
18478
18503
18509
18514
18527
18529
18532
18543
18558
18561
18562
18562
18563
18563
18564
18573
18573
18587
18593
18594
18597
18602
18602
18603
18604
18609
18620
18622
18622
18627
18628
18637
18640
18641
18646
18647
18650
18653
18655
18665
18672
18672
18672
18676
18677
18682
18683
18686
18697
18698
18725
18727
18729
18747
18749
18750
18770
18771
18777
18778
18782
18788
18789
18789
18791
18806
18809
18814
18819
18821
18826
18829
18838
18842
18846
18856
18859
18864
18881
18882
18882
18886
18887
18894
18896
18900
18902
18905
18917
18926
18927
18931
18932
18935
18941
18943
18946
18948
18948
18952
18954
18954
18957
18958
18959
18964
18965
18972
18983
18984
18990
19001
19003
19014
19016
19022
19033
19035
19039
19044
19047
19048
19049
19054
19054
19055
19059
19064
19072
19074
19078
19079
19085
19091
19092
19102
19102
19108
19110
19112
19115
19117
19119
19122
19130
19131
19139
19139
19144
19160
19161
19163
19169
19170
19172
19173
19190
19190
19209
19213
19213
19214
19220
19226
19229
19231
19236
19237
19239
19243
19244
19244
19245
19248
19249
19250
19255
19255
19256
19259
19262
19263
19264
19266
19267
19276
19296
19298
19302
19303
19312
19313
19316
19316
19317
19323
19324
19324
19334
19334
19337
19339
19341
19342
19351
19356
19360
19364
19375
19380
19384
19385
19388
19397
19402
19403
19404
19408
19418
19420
19424
19430
19432
19433
19441
19442
19454
19455
19455
19457
19461
19462
19464
19466
19466
19470
19470
19484
19486
19487
19493
19504
19506
19511
19514
19516
19523
19527
19528
19531
19532
19533
19535
19536
19545
19547
19550
19552
19554
19565
19565
19566
19567
19572
19584
19586
19597
19603
19615
19621
19628
19631
19645
19650
19655
19659
19668
19686
19690
19693
19696
19696
19700
19709
19729
19749
19762
19763
19767
19771
19778
19778
19784
19792
19795
19797
19799
19800
19802
19815
19819
19825
19837
19841
19854
19860
19860
19864
19865
19865
19883
19884
19892
19900
19906
19920
19921
19921
19931
19932
19937
19944
19945
19946
19965
19975
20002
20007
20008
20012
20019
20024
20024
20035
20037
20038
20045
20049
20052
20054
20057
20065
20076
20077
20086
20091
20097
20097
20102
20106
20112
20117
20117
20123
20126
20128
20130
20133
20144
20146
20147
20151
20154
20156
20161
20163
20170
20175
20177
20180
20195
20200
20204
20205
20208
20211
20219
20230
20232
20239
20239
20243
20259
20263
20268
20271
20302
20303
20304
20310
20315
20315
20319
20325
20336
20339
20353
20359
20367
20371
20384
20392
20393
20397
20413
20450
20454
20459
20465
20496
20499
20507
20507
20518
20520
20523
20527
20544
20545
20551
20559
20559
20560
20566
20573
20578
20582
20603
20604
20606
20610
20624
20634
20649
20655
20671
20674
20677
20677
20680
20690
20691
20695
20698
20703
20705
20724
20733
20736
20740
20746
20754
20759
20761
20766
20784
20786
20786
20790
20809
20817
20823
20824
20831
20833
20852
20871
20874
20887
20893
20904
20904
20905
20918
20927
20928
20933
20943
20946
20965
20966
20970
20971
20978
20982
20983
21003
21011
21017
21030
21037
21038
21040
21042
21049
21054
21059
21066
21070
21077
21082
21083
21089
21108
21111
21114
21116
21117
21126
21146
21155
21182
21187
21203
21211
21223
21224
21225
21228
21241
21252
21252
21270
21285
21285
21300
21307
21310
21337
21344
21350
21353
21359
21394
21412
21418
21427
21431
21450
21461
21517
21526
21529
21532
21537
21538
21538
21544
21559
21567
21570
21571
21575
21580
21606
21617
21636
21641
21645
21652
21653
21654
21667
21670
21683
21703
21719
21738
21749
21749
21752
21757
21759
21779
21800
21800
21802
21829
21831
21837
21838
21852
21867
21867
21869
21873
21896
21930
21951
21954
21963
21988
22001
22012
22035
22036
22041
22044
22049
22059
22076
22088
22095
22100
22106
22114
22118
22135
22139
22147
22154
22156
22161
22165
22184
22192
22193
22210
22215
22219
22227
22254
22260
22267
22275
22299
22301
22341
22361
22386
22395
22403
22409
22428
22432
22441
22457
22461
22494
22496
22506
22514
22526
22530
22567
22568
22574
22584
22595
22616
22625
22631
22667
22680
22689
22704
22707
22724
22741
22757
22761
22763
22767
22789
22809
22817
22841
22854
22864
22883
22893
22962
22972
22974
22978
22979
22980
22980
23025
23027
23029
23066
23070
23070
23081
23083
23089
23114
23121
23143
23148
23160
23160
23181
23183
23186
23189
23203
23203
23204
23205
23222
23254
23263
23339
23358
23378
23388
23405
23430
23447
23464
23475
23479
23520
23522
23523
23536
23564
23571
23634
23670
23697
23703
23730
23769
23775
23776
23786
23803
23812
23816
23817
23841
23844
23859
23871
23876
23893
23921
23935
23937
23960
24006
24023
24054
24095
24114
24128
24158
24178
24186
24227
24232
24233
24246
24262
24271
24364
24371
24412
24444
24470
24505
24518
24565
24592
24594
24608
24646
24720
24737
24741
24744
24747
24763
24783
24797
24816
24842
24892
24901
24904
24910
24915
24932
24942
24947
24964
24987
25020
25040
25071
25134
25138
25210
25262
25349
25351
25362
25381
25435
25437
25453
25471
25503
25517
25522
25525
25534
25562
25586
25633
25675
25695
25716
25718
25736
25773
25795
25801
25815
25852
25877
25882
25910
25927
25936
25965
26020
26025
26050
26077
26107
26185
26187
26225
26228
26271
26316
26336
26365
26388
26497
26528
26534
26573
26584
26587
26648
26786
26800
26824
26844
26862
26989
27005
27007
27009
27048
27150
27150
27160
27198
27230
27240
27287
27340
27350
27371
27592
27634
27848
27985
28012
28093
28124
28287
28299
28572
28655
28664
28736
28773
29081
29149
29258
29259
29281
29312
29551
29598
30085
30129
30436
30453
30455
30459
30493
30532
30689
30898
30905
31603
31646
32044
32239
32311
32480
32754
33137
33397
33579
33856
34044
34747
34766
34949
36270
38780
39714
