1003
1003
1005
1006
1010
1010
1012
1015
1015
1015
1016
1017
1019
1020
1020
1022
1024
1026
1028
1030
1031
1032
1033
1033
1033
1033
1034
1035
1035
1036
1037
1039
1041
1041
1043
1046
1046
1050
1051
1051
1051
1051
1051
1051
1052
1056
1056
1057
1057
1058
1058
1058
1059
1061
1062
1062
1062
1063
1063
1065
1065
1066
1069
1069
1070
1070
1071
1071
1072
1072
1072
1074
1074
1074
1074
1075
1075
1077
1078
1079
1079
1079
1079
1079
1079
1080
1080
1080
1081
1083
1084
1085
1086
1086
1086
1086
1087
1088
1090
1090
1091
1091
1092
1093
1095
1097
1098
1098
1098
1100
1100
1101
1104
1105
1105
1111
1116
1121
1123
1123
1123
1124
1126
1127
1127
1127
1128
1129
1129
1129
1131
1133
1135
1136
1137
1138
1139
1139
1140
1140
1141
1145
1146
1150
1150
1152
1152
1154
1155
1155
1156
1158
1158
1159
1160
1160
1161
1161
1162
1164
1165
1165
1166
1167
1169
1169
1170
1170
1171
1171
1172
1172
1174
1176
1177
1180
1180
1181
1181
1181
1182
1183
1183
1183
1184
1184
1184
1185
1185
1187
1187
1188
1190
1190
1191
1191
1191
1191
1191
1192
1192
1194
1194
1197
1197
1197
1198
1198
1198
1199
1199
1199
1200
1200
1201
1201
1201
1202
1203
1203
1203
1204
1204
1205
1207
1207
1208
1209
1209
1210
1210
1212
1212
1213
1213
1214
1215
1216
1216
1216
1217
1217
1218
1218
1219
1220
1220
1221
1222
1222
1222
1223
1223
1224
1225
1226
1227
1227
1229
1231
1232
1233
1233
1235
1235
1237
1237
1237
1238
1238
1239
1240
1240
1242
1242
1242
1242
1243
1244
1246
1246
1248
1248
1249
1253
1254
1254
1254
1255
1256
1257
1258
1261
1261
1264
1264
1264
1265
1266
1266
1267
1270
1271
1271
1273
1275
1276
1276
1277
1277
1279
1280
1281
1281
1283
1283
1284
1284
1285
1286
1287
1288
1289
1289
1291
1291
1293
1294
1297
1298
1299
1299
1300
1301
1301
1301
1302
1302
1304
1304
1304
1304
1305
1305
1305
1305
1305
1306
1306
1306
1307
1308
1309
1310
1310
1310
1310
1311
1312
1313
1313
1314
1315
1316
1316
1318
1318
1319
1319
1319
1321
1321
1321
1323
1323
1323
1326
1327
1328
1328
1329
1329
1330
1332
1332
1333
1334
1334
1334
1335
1335
1335
1335
1336
1337
1339
1339
1340
1341
1341
1342
1343
1345
1345
1346
1347
1348
1348
1348
1348
1348
1349
1349
1350
1351
1351
1353
1356
1357
1359
1359
1360
1360
1361
1362
1362
1363
1363
1365
1366
1367
1367
1367
1369
1369
1369
1369
1371
1371
1371
1371
1373
1374
1374
1374
1375
1375
1376
1376
1378
1378
1378
1379
1379
1379
1380
1381
1381
1381
1381
1383
1384
1386
1387
1388
1389
1389
1390
1390
1391
1392
1393
1394
1394
1394
1395
1395
1396
1396
1398
1399
1399
1400
1401
1401
1401
1403
1404
1405
1406
1408
1408
1408
1409
1412
1413
1414
1414
1414
1414
1416
1418
1418
1419
1419
1419
1419
1420
1421
1422
1422
1422
1424
1424
1425
1427
1429
1430
1431
1433
1433
1435
1436
1436
1436
1436
1437
1438
1438
1439
1440
1441
1441
1442
1442
1444
1445
1445
1445
1446
1446
1449
1449
1453
1454
1454
1454
1456
1457
1458
1458
1460
1460
1460
1460
1461
1461
1462
1462
1463
1465
1468
1468
1470
1473
1473
1476
1477
1477
1478
1478
1481
1481
1482
1482
1483
1486
1486
1487
1487
1489
1489
1491
1491
1492
1494
1494
1494
1494
1496
1497
1498
1499
1500
1501
1502
1502
1502
1503
1503
1503
1504
1506
1506
1507
1507
1507
1509
1509
1511
1514
1515
1516
1517
1518
1518
1518
1521
1523
1524
1524
1526
1526
1527
1528
1528
1529
1530
1532
1532
1533
1534
1537
1539
1541
1541
1541
1542
1542
1543
1543
1544
1545
1549
1550
1551
1552
1553
1554
1554
1554
1555
1555
1556
1558
1562
1563
1563
1563
1564
1565
1565
1566
1566
1567
1568
1569
1569
1569
1570
1571
1573
1574
1574
1575
1576
1576
1577
1577
1579
1580
1581
1581
1581
1581
1582
1584
1585
1587
1588
1589
1590
1590
1591
1591
1592
1592
1592
1593
1594
1594
1597
1597
1599
1599
1600
1601
1601
1601
1602
1603
1604
1604
1606
1607
1607
1607
1608
1608
1609
1609
1610
1612
1612
1613
1613
1614
1614
1615
1617
1619
1621
1623
1623
1624
1624
1626
1627
1627
1628
1628
1629
1629
1629
1630
1631
1632
1632
1632
1635
1636
1637
1638
1638
1639
1640
1642
1642
1644
1645
1646
1646
1651
1654
1655
1655
1656
1659
1659
1659
1659
1663
1664
1664
1666
1667
1667
1668
1669
1669
1673
1676
1676
1676
1677
1677
1678
1679
1679
1681
1681
1681
1682
1684
1684
1687
1690
1691
1694
1697
1697
1700
1702
1703
1703
1704
1705
1706
1706
1707
1707
1707
1709
1709
1711
1711
1712
1713
1716
1717
1717
1720
1720
1722
1723
1724
1724
1726
1726
1726
1728
1730
1733
1733
1733
1735
1736
1737
1737
1737
1738
1739
1739
1740
1740
1741
1742
1743
1744
1744
1745
1745
1746
1746
1747
1747
1747
1749
1752
1752
1753
1755
1756
1757
1758
1760
1760
1762
1763
1763
1764
1765
1767
1768
1769
1770
1770
1772
1772
1773
1773
1773
1773
1774
1774
1777
1777
1777
1778
1779
1781
1781
1783
1783
1783
1784
1784
1785
1786
1786
1786
1789
1789
1791
1792
1792
1793
1793
1796
1797
1797
1798
1799
1799
1799
1801
1802
1804
1805
1805
1806
1806
1806
1807
1807
1808
1808
1811
1811
1811
1812
1812
1813
1814
1814
1814
1817
1818
1818
1818
1819
1820
1822
1822
1823
1823
1824
1824
1825
1826
1827
1828
1828
1830
1830
1831
1832
1832
1832
1833
1833
1834
1835
1835
1835
1835
1836
1837
1839
1839
1839
1840
1841
1842
1843
1843
1844
1844
1846
1847
1849
1849
1849
1850
1851
1853
1854
1855
1856
1857
1859
1860
1860
1862
1863
1864
1864
1868
1868
1870
1871
1872
1873
1874
1878
1878
1878
1878
1879
1880
1880
1880
1881
1881
1881
1881
1882
1885
1885
1885
1885
1887
1887
1889
1890
1891
1891
1894
1894
1895
1896
1896
1898
1901
1901
1902
1902
1903
1903
1904
1907
1908
1908
1911
1911
1912
1913
1914
1915
1916
1918
1919
1919
1924
1926
1926
1927
1927
1927
1928
1930
1930
1931
1931
1933
1933
1933
1935
1936
1937
1937
1937
1939
1940
1941
1943
1943
1945
1946
1947
1947
1950
1952
1954
1955
1955
1956
1956
1956
1956
1957
1957
1958
1959
1962
1963
1964
1964
1964
1965
1965
1966
1966
1967
1967
1968
1968
1971
1971
1971
1972
1972
1972
1972
1973
1974
1974
1974
1977
1977
1977
1978
1978
1978
1981
1981
1982
1983
1984
1984
1985
1986
1986
1988
1988
1989
1990
1992
1993
1994
1994
1994
1995
1996
1997
1998
1998
1998
1999
1999
2001
2003
2003
2003
2003
2004
2005
2006
2008
2009
2011
2011
2014
2015
2015
2016
2018
2019
2019
2019
2020
2023
2024
2024
2026
2026
2027
2027
2027
2028
2029
2029
2030
2031
2031
2031
2032
2033
2034
2034
2035
2036
2036
2038
2038
2038
2039
2040
2041
2042
2042
2043
2043
2043
2043
2043
2044
2045
2045
2048
2048
2049
2049
2049
2050
2050
2051
2051
2053
2053
2055
2056
2056
2057
2059
2059
2059
2060
2060
2061
2061
2062
2064
2065
2065
2066
2066
2067
2067
2067
2069
2070
2071
2072
2072
2072
2073
2074
2074
2074
2075
2076
2076
2076
2077
2077
2078
2078
2079
2081
2081
2081
2082
2084
2085
2086
2087
2087
2087
2088
2089
2090
2091
2092
2093
2093
2093
2094
2094
2095
2097
2098
2098
2100
2100
2101
2105
2105
2105
2106
2109
2109
2110
2111
2111
2114
2115
2117
2117
2117
2118
2118
2118
2119
2119
2120
2121
2121
2122
2122
2123
2123
2123
2124
2125
2125
2125
2129
2131
2131
2132
2133
2133
2135
2135
2137
2138
2138
2139
2140
2143
2143
2144
2145
2146
2147
2147
2148
2150
2150
2151
2152
2156
2156
2159
2160
2162
2167
2168
2168
2168
2169
2170
2171
2171
2173
2174
2174
2174
2175
2175
2176
2177
2177
2178
2178
2178
2178
2179
2179
2179
2181
2182
2182
2184
2184
2187
2188
2190
2191
2191
2192
2193
2194
2196
2196
2197
2197
2198
2199
2199
2200
2203
2205
2205
2205
2205
2207
2209
2209
2210
2210
2213
2215
2216
2216
2218
2219
2219
2220
2221
2222
2223
2225
2227
2227
2228
2230
2230
2230
2232
2233
2234
2234
2235
2236
2237
2237
2240
2240
2245
2245
2246
2247
2247
2248
2248
2248
2248
2249
2249
2250
2250
2251
2251
2252
2252
2252
2253
2253
2254
2256
2260
2260
2260
2260
2261
2262
2264
2264
2264
2265
2266
2266
2267
2268
2269
2271
2271
2272
2273
2274
2274
2275
2276
2277
2277
2278
2279
2282
2283
2283
2284
2289
2290
2291
2291
2291
2292
2292
2292
2292
2293
2294
2296
2296
2296
2297
2298
2299
2300
2301
2301
2302
2303
2303
2303
2303
2304
2304
2305
2305
2305
2305
2306
2308
2308
2309
2311
2311
2311
2312
2313
2314
2315
2317
2318
2319
2323
2324
2325
2325
2325
2326
2326
2327
2329
2329
2329
2330
2330
2331
2331
2333
2334
2335
2336
2336
2337
2338
2339
2339
2340
2342
2343
2343
2344
2344
2345
2345
2346
2348
2349
2350
2350
2350
2351
2353
2354
2356
2356
2356
2358
2358
2359
2361
2362
2362
2362
2362
2366
2366
2366
2367
2369
2370
2370
2371
2371
2372
2374
2374
2375
2375
2375
2376
2378
2379
2381
2382
2384
2385
2387
2389
2390
2391
2391
2392
2393
2395
2396
2397
2398
2398
2399
2400
2400
2401
2402
2403
2403
2405
2406
2406
2407
2408
2409
2410
2410
2410
2411
2412
2413
2413
2414
2414
2414
2418
2418
2421
2421
2423
2423
2424
2424
2424
2426
2426
2426
2427
2428
2428
2428
2429
2429
2431
2432
2433
2434
2435
2435
2436
2436
2437
2438
2438
2439
2440
2441
2441
2443
2443
2443
2444
2444
2444
2446
2447
2448
2448
2449
2453
2454
2455
2455
2456
2457
2458
2460
2461
2461
2463
2467
2469
2471
2471
2473
2473
2473
2475
2476
2479
2479
2480
2482
2482
2483
2485
2485
2488
2490
2490
2491
2491
2492
2493
2494
2494
2495
2495
2497
2497
2499
2500
2501
2502
2502
2502
2503
2503
2504
2504
2506
2507
2507
2508
2508
2509
2510
2516
2516
2516
2516
2517
2518
2518
2518
2520
2520
2520
2522
2523
2524
2524
2524
2526
2527
2527
2528
2529
2529
2530
2530
2532
2532
2533
2533
2534
2534
2535
2536
2536
2539
2540
2541
2541
2541
2542
2542
2543
2544
2544
2544
2546
2546
2547
2550
2550
2551
2551
2552
2553
2553
2554
2556
2556
2557
2558
2559
2559
2559
2561
2561
2562
2562
2563
2563
2564
2564
2565
2566
2567
2567
2569
2569
2571
2573
2576
2576
2577
2578
2580
2580
2580
2580
2581
2582
2586
2587
2587
2588
2588
2590
2590
2593
2593
2593
2594
2594
2594
2594
2597
2597
2597
2597
2597
2599
2599
2600
2601
2601
2601
2602
2602
2602
2603
2604
2604
2605
2607
2608
2609
2609
2611
2613
2613
2613
2614
2616
2616
2618
2619
2619
2620
2621
2622
2623
2623
2623
2625
2625
2626
2627
2628
2628
2629
2631
2632
2632
2635
2637
2638
2638
2639
2639
2639
2639
2640
2641
2642
2644
2644
2645
2647
2647
2648
2648
2651
2651
2651
2651
2651
2652
2653
2655
2655
2655
2655
2655
2656
2657
2658
2660
2661
2662
2662
2665
2668
2669
2670
2670
2671
2671
2673
2673
2675
2675
2678
2678
2681
2681
2682
2682
2683
2684
2685
2685
2685
2687
2689
2689
2690
2690
2691
2691
2695
2696
2700
2704
2704
2707
2709
2710
2711
2711
2714
2715
2715
2719
2721
2724
2724
2724
2725
2725
2726
2726
2727
2729
2729
2729
2732
2733
2735
2736
2736
2736
2738
2739
2741
2744
2745
2745
2748
2748
2749
2749
2750
2751
2751
2751
2752
2752
2752
2753
2754
2756
2757
2759
2760
2760
2761
2762
2762
2764
2765
2765
2765
2767
2768
2770
2771
2772
2773
2774
2775
2775
2775
2776
2779
2780
2780
2781
2781
2782
2783
2785
2786
2786
2787
2789
2789
2790
2791
2791
2793
2794
2796
2796
2797
2797
2798
2800
2801
2803
2803
2805
2805
2805
2808
2809
2810
2811
2811
2811
2811
2812
2812
2813
2814
2815
2817
2818
2819
2819
2819
2819
2821
2822
2824
2827
2829
2831
2835
2836
2836
2837
2837
2839
2840
2842
2843
2845
2847
2847
2849
2851
2852
2853
2854
2854
2854
2855
2856
2857
2859
2860
2862
2864
2864
2864
2867
2867
2867
2867
2870
2876
2877
2878
2879
2879
2881
2883
2883
2885
2885
2885
2886
2886
2887
2889
2889
2890
2891
2895
2895
2897
2897
2898
2899
2900
2903
2903
2904
2904
2906
2907
2909
2910
2912
2916
2917
2917
2919
2919
2919
2920
2921
2922
2922
2924
2925
2925
2927
2927
2928
2931
2931
2931
2932
2932
2937
2937
2938
2939
2940
2941
2941
2941
2942
2942
2945
2946
2947
2947
2948
2948
2949
2950
2952
2952
2952
2954
2956
2957
2957
2959
2960
2960
2960
2961
2962
2964
2964
2965
2965
2965
2966
2968
2968
2969
2970
2970
2971
2974
2976
2977
2979
2980
2981
2981
2983
2986
2988
2989
2991
2991
2994
2994
2999
2999
3000
3001
3003
3003
3004
3004
3005
3005
3007
3007
3007
3012
3012
3013
3013
3016
3016
3018
3020
3023
3023
3023
3024
3025
3025
3026
3026
3026
3028
3028
3029
3032
3032
3033
3035
3038
3040
3041
3043
3044
3045
3047
3049
3050
3051
3052
3054
3055
3056
3057
3057
3057
3058
3058
3059
3061
3062
3064
3064
3066
3066
3067
3068
3069
3071
3071
3072
3073
3073
3075
3075
3079
3080
3080
3082
3082
3085
3085
3086
3086
3089
3091
3091
3092
3092
3094
3095
3095
3095
3099
3100
3102
3103
3105
3107
3107
3109
3110
3111
3113
3116
3117
3117
3120
3120
3121
3122
3123
3126
3127
3129
3130
3130
3131
3132
3132
3133
3136
3137
3137
3138
3140
3140
3142
3148
3149
3149
3149
3152
3154
3155
3155
3156
3160
3164
3167
3168
3171
3172
3173
3175
3175
3176
3177
3178
3181
3182
3185
3185
3186
3187
3189
3189
3190
3190
3190
3193
3193
3194
3196
3196
3197
3198
3199
3199
3200
3200
3201
3202
3203
3203
3204
3205
3205
3206
3206
3207
3208
3208
3210
3210
3212
3213
3216
3217
3217
3217
3217
3218
3218
3218
3220
3221
3221
3223
3225
3226
3226
3228
3229
3229
3230
3232
3233
3234
3237
3237
3239
3239
3241
3244
3246
3248
3249
3254
3256
3259
3263
3264
3264
3264
3265
3268
3270
3270
3271
3272
3273
3273
3273
3275
3277
3277
3279
3280
3280
3281
3282
3283
3286
3286
3287
3287
3290
3290
3291
3291
3293
3293
3294
3294
3294
3295
3296
3296
3296
3297
3298
3298
3299
3304
3304
3304
3305
3306
3309
3310
3312
3313
3316
3317
3319
3320
3321
3321
3321
3323
3324
3325
3326
3326
3329
3329
3332
3334
3334
3336
3340
3340
3341
3342
3342
3343
3344
3345
3347
3348
3348
3350
3353
3355
3356
3356
3357
3358
3359
3362
3364
3365
3365
3365
3366
3366
3366
3367
3368
3369
3370
3371
3371
3372
3373
3373
3374
3374
3374
3375
3375
3376
3376
3377
3379
3379
3379
3382
3383
3383
3386
3386
3388
3389
3391
3393
3394
3395
3397
3398
3399
3401
3401
3402
3403
3403
3403
3406
3406
3408
3413
3416
3416
3417
3417
3418
3418
3420
3420
3421
3421
3422
3423
3423
3424
3424
3427
3427
3429
3429
3430
3430
3430
3430
3433
3435
3435
3437
3437
3439
3441
3442
3443
3444
3444
3445
3445
3447
3447
3447
3449
3450
3450
3451
3452
3453
3453
3454
3454
3455
3458
3458
3459
3461
3462
3464
3465
3465
3465
3468
3470
3472
3473
3476
3476
3476
3476
3477
3477
3477
3480
3480
3480
3481
3482
3482
3483
3484
3484
3484
3485
3485
3487
3489
3491
3497
3498
3501
3501
3502
3503
3506
3506
3507
3509
3511
3513
3513
3514
3514
3515
3516
3519
3519
3520
3526
3528
3529
3531
3531
3533
3536
3538
3541
3542
3543
3544
3546
3546
3547
3547
3548
3548
3549
3550
3552
3554
3555
3556
3556
3562
3562
3562
3562
3563
3564
3567
3567
3568
3569
3570
3573
3575
3576
3577
3578
3578
3578
3578
3585
3587
3591
3592
3593
3594
3594
3594
3596
3596
3597
3597
3598
3600
3600
3601
3602
3602
3604
3605
3606
3607
3607
3608
3609
3611
3611
3613
3614
3615
3615
3617
3617
3617
3617
3619
3621
3624
3627
3628
3628
3630
3633
3633
3634
3636
3637
3637
3638
3638
3639
3643
3644
3644
3645
3645
3645
3645
3645
3647
3647
3648
3652
3652
3655
3655
3657
3658
3658
3659
3666
3666
3666
3666
3667
3668
3668
3668
3668
3672
3673
3675
3677
3677
3679
3679
3681
3681
3681
3682
3683
3686
3688
3688
3688
3689
3690
3691
3692
3692
3693
3693
3696
3698
3699
3700
3702
3702
3704
3704
3707
3711
3711
3712
3715
3715
3715
3715
3716
3718
3718
3719
3720
3721
3728
3728
3729
3731
3734
3735
3736
3736
3738
3739
3741
3744
3748
3749
3750
3752
3752
3753
3755
3755
3755
3756
3762
3763
3765
3766
3766
3766
3767
3768
3770
3770
3770
3770
3771
3772
3773
3775
3776
3777
3779
3779
3781
3781
3782
3783
3786
3787
3788
3794
3795
3798
3799
3801
3801
3801
3806
3806
3807
3809
3810
3814
3815
3815
3819
3819
3820
3822
3823
3823
3827
3827
3829
3830
3830
3833
3836
3838
3839
3841
3841
3841
3843
3853
3854
3854
3855
3855
3856
3857
3858
3859
3861
3863
3865
3869
3871
3874
3876
3877
3877
3877
3879
3879
3880
3881
3882
3882
3884
3886
3887
3888
3895
3895
3896
3897
3897
3899
3899
3900
3900
3901
3902
3902
3904
3905
3906
3906
3906
3907
3907
3908
3911
3911
3911
3913
3913
3919
3919
3921
3921
3921
3923
3924
3926
3926
3928
3930
3931
3931
3931
3932
3932
3935
3937
3942
3942
3942
3943
3948
3950
3950
3950
3951
3951
3952
3955
3957
3957
3957
3958
3958
3958
3959
3961
3961
3962
3962
3963
3964
3964
3965
3967
3967
3967
3969
3970
3970
3971
3971
3972
3974
3974
3976
3976
3978
3978
3983
3983
3984
3990
3990
3992
3992
3994
3997
3998
3999
3999
4000
4001
4002
4003
4004
4004
4004
4008
4008
4009
4010
4013
4014
4015
4016
4021
4021
4022
4022
4022
4024
4025
4027
4027
4027
4028
4029
4029
4030
4033
4033
4034
4037
4038
4038
4040
4041
4042
4043
4046
4047
4047
4048
4049
4049
4050
4051
4052
4059
4061
4066
4067
4069
4070
4073
4074
4075
4077
4079
4081
4082
4087
4088
4089
4090
4090
4093
4097
4097
4099
4101
4101
4104
4105
4106
4108
4108
4109
4109
4110
4112
4116
4118
4123
4124
4124
4126
4126
4127
4130
4131
4133
4136
4136
4138
4140
4140
4143
4143
4145
4148
4149
4153
4154
4156
4163
4163
4164
4166
4169
4173
4173
4175
4176
4179
4182
4182
4183
4183
4184
4186
4187
4189
4190
4191
4192
4193
4195
4196
4196
4197
4198
4199
4199
4201
4208
4208
4210
4211
4219
4224
4228
4228
4232
4234
4235
4238
4240
4242
4244
4247
4248
4252
4253
4254
4255
4256
4258
4261
4262
4264
4272
4273
4274
4275
4275
4276
4276
4277
4278
4279
4280
4281
4281
4284
4286
4289
4291
4292
4293
4298
4302
4303
4303
4309
4309
4309
4310
4313
4313
4316
4317
4318
4322
4322
4325
4329
4332
4340
4341
4343
4345
4345
4346
4350
4350
4351
4352
4352
4353
4355
4355
4357
4360
4360
4361
4361
4364
4364
4366
4367
4368
4370
4370
4370
4370
4370
4370
4371
4372
4372
4377
4380
4381
4383
4384
4385
4386
4387
4387
4388
4388
4389
4391
4393
4393
4394
4394
4394
4395
4395
4396
4397
4397
4397
4401
4402
4407
4408
4409
4410
4410
4411
4411
4414
4418
4419
4419
4422
4423
4426
4430
4430
4431
4432
4432
4433
4434
4434
4434
4436
4437
4437
4439
4439
4440
4443
4446
4446
4448
4448
4449
4451
4452
4454
4455
4455
4457
4459
4461
4464
4465
4467
4468
4469
4470
4476
4477
4477
4479
4479
4481
4482
4484
4488
4489
4490
4491
4491
4493
4494
4495
4497
4499
4504
4508
4509
4510
4510
4512
4514
4514
4514
4516
4519
4519
4520
4522
4523
4524
4524
4526
4531
4532
4532
4532
4533
4534
4534
4535
4536
4536
4537
4537
4539
4543
4544
4548
4548
4551
4552
4552
4553
4557
4558
4563
4565
4568
4568
4572
4572
4573
4573
4574
4575
4575
4577
4578
4580
4585
4589
4595
4597
4598
4600
4600
4603
4603
4604
4608
4609
4609
4609
4610
4612
4616
4617
4618
4618
4620
4621
4625
4630
4630
4631
4631
4632
4633
4635
4636
4636
4636
4642
4643
4643
4644
4649
4650
4650
4651
4652
4653
4653
4653
4654
4656
4662
4663
4663
4665
4667
4670
4671
4671
4674
4674
4675
4675
4675
4676
4677
4678
4681
4682
4683
4685
4685
4686
4689
4689
4690
4691
4691
4692
4693
4693
4694
4694
4696
4696
4697
4698
4698
4698
4700
4700
4703
4704
4704
4706
4710
4712
4713
4720
4721
4721
4723
4723
4724
4725
4728
4731
4731
4731
4735
4736
4736
4737
4738
4738
4742
4743
4747
4748
4749
4751
4751
4754
4755
4757
4761
4761
4763
4763
4766
4767
4767
4767
4768
4769
4773
4773
4774
4774
4775
4775
4779
4780
4781
4782
4785
4785
4788
4790
4793
4793
4794
4796
4797
4799
4801
4801
4807
4808
4809
4810
4812
4819
4820
4825
4826
4826
4827
4828
4832
4836
4838
4839
4844
4847
4849
4850
4852
4852
4852
4853
4853
4853
4855
4856
4856
4857
4858
4860
4860
4860
4862
4863
4863
4863
4864
4865
4865
4866
4867
4870
4872
4872
4872
4873
4875
4878
4879
4880
4880
4880
4880
4884
4885
4886
4886
4889
4889
4891
4892
4893
4894
4895
4895
4899
4900
4901
4906
4906
4907
4907
4909
4909
4909
4909
4910
4910
4911
4914
4914
4915
4916
4916
4916
4918
4919
4921
4922
4922
4922
4926
4926
4927
4928
4928
4930
4930
4930
4933
4938
4940
4940
4940
4942
4943
4944
4946
4947
4948
4949
4953
4953
4957
4958
4958
4958
4959
4960
4961
4963
4965
4967
4967
4967
4969
4971
4971
4971
4972
4974
4976
4978
4978
4983
4983
4983
4985
4988
4988
4988
4988
4988
4989
4989
4990
4994
4994
4996
4998
5003
5006
5007
5007
5009
5010
5011
5012
5012
5014
5016
5019
5019
5023
5023
5025
5026
5028
5028
5029
5031
5032
5032
5034
5036
5038
5040
5041
5042
5043
5044
5045
5045
5045
5048
5051
5051
5053
5054
5055
5056
5057
5060
5065
5065
5066
5067
5068
5068
5069
5069
5069
5070
5070
5071
5071
5072
5074
5074
5075
5078
5078
5079
5079
5084
5085
5086
5086
5086
5087
5087
5088
5097
5098
5099
5104
5107
5108
5115
5115
5118
5120
5121
5121
5123
5125
5127
5128
5128
5132
5133
5136
5137
5139
5141
5148
5150
5151
5152
5154
5154
5155
5156
5157
5158
5162
5163
5165
5169
5169
5169
5170
5172
5180
5181
5193
5194
5194
5196
5197
5197
5197
5199
5200
5201
5204
5205
5205
5207
5216
5216
5221
5221
5225
5226
5226
5230
5230
5234
5237
5238
5238
5239
5240
5241
5241
5242
5245
5245
5245
5246
5247
5248
5250
5251
5252
5253
5259
5261
5262
5262
5267
5267
5269
5269
5271
5278
5278
5280
5281
5281
5281
5288
5289
5290
5290
5296
5297
5300
5300
5303
5306
5308
5310
5313
5314
5314
5317
5321
5321
5322
5322
5323
5325
5325
5325
5329
5337
5341
5341
5342
5343
5344
5344
5344
5346
5347
5349
5350
5351
5351
5352
5354
5355
5357
5357
5360
5365
5367
5367
5368
5369
5369
5370
5373
5376
5377
5377
5381
5381
5385
5386
5387
5387
5389
5391
5395
5395
5399
5402
5403
5403
5403
5406
5406
5407
5408
5408
5409
5410
5411
5414
5416
5417
5418
5418
5419
5421
5422
5424
5426
5429
5430
5433
5435
5437
5437
5438
5439
5440
5444
5444
5450
5454
5455
5456
5457
5462
5463
5464
5464
5465
5465
5466
5468
5468
5471
5473
5474
5476
5476
5484
5484
5488
5488
5490
5491
5496
5497
5499
5500
5501
5504
5505
5507
5507
5508
5510
5510
5512
5512
5514
5520
5520
5520
5522
5527
5533
5534
5539
5542
5543
5544
5546
5547
5547
5551
5552
5553
5556
5557
5563
5563
5563
5564
5564
5564
5566
5566
5567
5571
5572
5573
5573
5577
5582
5582
5586
5588
5588
5592
5592
5593
5595
5598
5598
5600
5600
5603
5603
5604
5604
5606
5610
5611
5611
5613
5617
5618
5625
5626
5626
5627
5627
5628
5629
5629
5634
5636
5637
5637
5638
5639
5641
5641
5643
5644
5646
5648
5650
5651
5652
5653
5658
5658
5659
5661
5664
5665
5666
5667
5667
5668
5672
5673
5675
5675
5678
5678
5679
5681
5681
5682
5683
5683
5688
5690
5690
5693
5693
5694
5695
5700
5705
5706
5714
5716
5718
5724
5725
5725
5726
5727
5727
5729
5730
5731
5731
5733
5734
5735
5735
5743
5743
5743
5744
5745
5749
5749
5752
5752
5757
5757
5758
5759
5760
5761
5766
5770
5770
5770
5772
5772
5774
5778
5780
5782
5784
5786
5789
5789
5791
5792
5795
5799
5800
5801
5804
5805
5806
5806
5810
5810
5817
5819
5820
5820
5821
5822
5828
5832
5833
5834
5835
5839
5842
5846
5847
5848
5848
5852
5853
5857
5859
5859
5860
5862
5862
5863
5864
5867
5869
5870
5871
5872
5873
5873
5874
5875
5876
5878
5881
5883
5884
5885
5886
5887
5887
5892
5895
5895
5896
5897
5897
5898
5900
5902
5902
5904
5907
5908
5908
5908
5913
5913
5914
5917
5921
5921
5928
5929
5930
5930
5932
5936
5937
5943
5946
5948
5948
5948
5950
5951
5951
5951
5952
5952
5953
5954
5959
5959
5962
5963
5964
5968
5970
5978
5978
5979
5980
5981
5983
5984
5985
5986
5987
5987
5988
5989
5990
5992
5992
5993
5994
5996
5999
6002
6005
6008
6008
6010
6011
6012
6012
6012
6012
6015
6015
6016
6021
6023
6025
6027
6028
6029
6033
6035
6042
6042
6043
6045
6047
6047
6053
6053
6053
6055
6056
6056
6058
6058
6059
6059
6060
6062
6062
6065
6066
6076
6078
6079
6080
6081
6084
6084
6085
6086
6090
6092
6094
6097
6098
6098
6100
6101
6102
6105
6105
6107
6108
6108
6109
6112
6112
6114
6114
6117
6117
6120
6122
6124
6124
6126
6130
6130
6132
6135
6136
6136
6138
6143
6143
6149
6151
6151
6152
6153
6154
6157
6159
6159
6161
6163
6164
6165
6167
6169
6173
6176
6179
6180
6180
6180
6183
6184
6184
6185
6187
6188
6189
6189
6195
6195
6197
6198
6198
6199
6201
6204
6206
6207
6207
6209
6209
6209
6210
6211
6214
6218
6219
6222
6228
6228
6230
6232
6236
6236
6238
6241
6242
6242
6244
6245
6245
6245
6246
6247
6248
6248
6251
6252
6253
6253
6254
6254
6255
6256
6257
6257
6259
6260
6261
6261
6264
6264
6267
6268
6268
6269
6270
6271
6271
6271
6273
6273
6274
6275
6275
6275
6275
6280
6283
6288
6289
6289
6292
6295
6297
6297
6297
6297
6298
6298
6300
6301
6301
6303
6307
6308
6310
6310
6311
6311
6312
6313
6315
6316
6318
6319
6320
6321
6321
6323
6324
6328
6329
6329
6330
6330
6331
6334
6340
6342
6344
6346
6346
6347
6347
6348
6350
6356
6357
6358
6362
6364
6365
6366
6368
6369
6369
6373
6373
6373
6376
6377
6378
6379
6380
6386
6391
6392
6394
6397
6397
6399
6402
6402
6405
6407
6407
6408
6412
6413
6414
6415
6416
6417
6417
6417
6420
6423
6423
6428
6429
6430
6433
6434
6435
6437
6438
6439
6441
6442
6443
6444
6446
6447
6448
6450
6452
6455
6460
6462
6462
6462
6471
6473
6475
6479
6481
6482
6483
6484
6486
6488
6488
6490
6490
6490
6490
6491
6493
6495
6495
6505
6505
6506
6506
6510
6514
6514
6519
6521
6524
6525
6525
6526
6527
6533
6534
6537
6538
6538
6541
6542
6542
6544
6551
6552
6553
6556
6558
6562
6563
6565
6566
6572
6572
6573
6573
6574
6574
6578
6580
6582
6584
6588
6588
6590
6591
6592
6607
6607
6607
6607
6612
6614
6615
6616
6617
6618
6620
6624
6628
6632
6635
6636
6639
6639
6646
6647
6650
6651
6654
6654
6655
6659
6664
6665
6667
6667
6668
6669
6671
6672
6672
6673
6673
6674
6674
6675
6676
6677
6678
6686
6689
6690
6690
6691
6692
6692
6693
6696
6697
6698
6698
6699
6700
6700
6700
6703
6703
6704
6705
6705
6708
6712
6713
6716
6717
6718
6718
6724
6724
6725
6728
6729
6733
6734
6734
6734
6735
6735
6736
6741
6741
6742
6743
6743
6745
6747
6748
6749
6753
6755
6756
6758
6758
6759
6759
6759
6759
6761
6761
6762
6762
6766
6767
6768
6770
6770
6773
6777
6780
6780
6780
6782
6784
6787
6788
6789
6793
6793
6794
6797
6802
6804
6805
6808
6808
6811
6812
6814
6815
6819
6822
6824
6825
6827
6832
6833
6833
6833
6835
6835
6837
6839
6839
6840
6841
6842
6843
6844
6844
6845
6855
6856
6856
6864
6864
6869
6870
6871
6872
6874
6874
6875
6875
6878
6881
6881
6882
6885
6886
6889
6893
6894
6897
6898
6899
6900
6900
6901
6903
6904
6907
6907
6909
6912
6912
6913
6917
6919
6926
6928
6929
6929
6929
6929
6930
6930
6930
6934
6936
6939
6941
6942
6944
6944
6949
6951
6953
6957
6958
6958
6960
6962
6962
6962
6964
6965
6966
6968
6971
6979
6981
6988
6988
6992
6995
6996
7001
7001
7001
7004
7006
7008
7011
7014
7016
7018
7022
7028
7028
7028
7029
7031
7032
7032
7032
7035
7035
7038
7039
7040
7041
7042
7042
7043
7045
7046
7047
7050
7051
7052
7053
7053
7054
7055
7057
7058
7061
7065
7068
7069
7072
7077
7078
7081
7083
7086
7087
7090
7092
7092
7093
7097
7097
7098
7098
7099
7107
7108
7110
7111
7114
7114
7118
7118
7118
7121
7121
7122
7124
7125
7125
7126
7127
7128
7128
7130
7131
7132
7133
7134
7135
7142
7142
7143
7143
7145
7146
7146
7149
7149
7152
7154
7154
7157
7159
7159
7159
7163
7163
7163
7166
7169
7171
7172
7172
7178
7180
7182
7182
7182
7182
7183
7183
7184
7185
7186
7188
7189
7191
7192
7195
7197
7200
7202
7207
7207
7210
7212
7212
7213
7216
7217
7218
7218
7225
7226
7226
7229
7236
7239
7242
7243
7243
7244
7246
7247
7249
7252
7253
7254
7254
7256
7261
7266
7267
7268
7268
7269
7270
7272
7272
7276
7277
7278
7281
7281
7282
7282
7283
7283
7288
7289
7295
7295
7302
7303
7305
7305
7306
7307
7309
7312
7314
7314
7314
7315
7320
7322
7333
7334
7335
7336
7336
7337
7338
7338
7339
7340
7340
7341
7343
7344
7348
7350
7351
7352
7353
7354
7359
7359
7363
7364
7365
7366
7366
7369
7369
7371
7371
7372
7373
7373
7374
7376
7377
7378
7381
7381
7384
7391
7391
7393
7393
7396
7399
7401
7401
7402
7407
7408
7410
7411
7413
7419
7419
7421
7423
7426
7427
7428
7428
7429
7430
7433
7435
7442
7443
7448
7449
7452
7452
7453
7453
7453
7454
7454
7455
7457
7462
7463
7465
7465
7466
7466
7473
7474
7475
7479
7480
7482
7483
7486
7489
7493
7502
7502
7507
7513
7519
7522
7522
7523
7524
7527
7528
7529
7532
7533
7534
7534
7535
7536
7536
7537
7539
7540
7541
7541
7542
7542
7549
7550
7552
7553
7554
7555
7555
7561
7562
7562
7564
7565
7566
7567
7568
7568
7568
7571
7573
7573
7574
7575
7575
7579
7580
7582
7585
7585
7586
7586
7589
7589
7592
7592
7594
7595
7597
7598
7599
7602
7605
7606
7607
7607
7612
7612
7613
7613
7614
7619
7620
7621
7622
7627
7627
7629
7631
7631
7632
7634
7636
7637
7640
7640
7640
7641
7643
7646
7649
7650
7652
7654
7655
7657
7658
7659
7661
7665
7665
7666
7666
7668
7674
7675
7677
7678
7679
7680
7681
7682
7682
7683
7684
7685
7687
7687
7688
7690
7690
7692
7693
7693
7694
7694
7695
7697
7698
7700
7701
7703
7708
7716
7716
7720
7722
7725
7726
7728
7729
7730
7731
7732
7733
7736
7736
7736
7738
7738
7739
7739
7740
7741
7748
7748
7748
7749
7753
7754
7756
7756
7758
7759
7765
7767
7767
7769
7770
7771
7773
7777
7778
7778
7780
7780
7780
7785
7787
7790
7792
7794
7795
7797
7798
7803
7809
7810
7815
7818
7820
7821
7823
7824
7827
7830
7834
7835
7838
7838
7840
7842
7843
7843
7844
7845
7845
7846
7848
7850
7853
7854
7856
7856
7857
7858
7859
7861
7861
7863
7863
7864
7864
7867
7868
7869
7871
7873
7874
7876
7877
7877
7880
7884
7884
7889
7890
7894
7895
7897
7897
7898
7899
7899
7901
7902
7903
7903
7909
7915
7916
7917
7917
7918
7921
7923
7923
7924
7924
7925
7926
7929
7932
7933
7933
7934
7937
7938
7942
7947
7948
7948
7949
7949
7950
7952
7953
7961
7968
7969
7969
7969
7972
7977
7980
7983
7985
7986
7987
7987
7989
7995
8000
8001
8002
8007
8009
8013
8014
8019
8020
8024
8027
8028
8029
8031
8033
8033
8035
8036
8039
8043
8046
8047
8050
8052
8054
8055
8056
8058
8059
8059
8060
8060
8062
8064
8070
8072
8074
8074
8074
8075
8075
8076
8076
8079
8082
8083
8085
8086
8087
8087
8088
8091
8098
8098
8098
8101
8105
8106
8107
8114
8115
8116
8117
8117
8118
8119
8120
8120
8121
8128
8129
8131
8132
8133
8136
8137
8138
8141
8144
8146
8147
8148
8149
8150
8151
8151
8156
8164
8168
8171
8173
8174
8175
8177
8178
8179
8183
8185
8185
8186
8190
8192
8193
8195
8202
8203
8203
8203
8204
8206
8212
8212
8212
8213
8215
8217
8219
8227
8232
8232
8232
8235
8237
8237
8239
8240
8242
8244
8247
8247
8249
8249
8253
8265
8269
8269
8272
8272
8272
8275
8276
8278
8280
8281
8287
8288
8289
8293
8293
8294
8294
8295
8295
8297
8299
8300
8300
8300
8302
8306
8308
8310
8310
8310
8312
8313
8315
8315
8317
8321
8321
8321
8323
8323
8326
8328
8329
8330
8330
8330
8330
8332
8333
8336
8336
8340
8343
8347
8350
8354
8354
8357
8357
8357
8360
8360
8367
8368
8369
8370
8371
8376
8376
8377
8378
8383
8384
8384
8384
8385
8385
8386
8388
8388
8393
8393
8395
8397
8398
8399
8401
8403
8403
8404
8406
8407
8410
8411
8416
8417
8418
8423
8424
8427
8430
8433
8434
8434
8434
8435
8438
8440
8446
8450
8450
8455
8457
8457
8458
8459
8459
8459
8461
8462
8462
8465
8466
8467
8470
8471
8478
8486
8489
8489
8491
8492
8496
8497
8498
8500
8501
8501
8501
8501
8503
8503
8507
8508
8509
8509
8511
8512
8513
8514
8515
8517
8518
8520
8522
8522
8527
8530
8532
8533
8533
8534
8537
8541
8543
8544
8544
8547
8553
8555
8555
8564
8564
8565
8566
8572
8579
8580
8581
8582
8585
8586
8592
8592
8592
8595
8598
8601
8604
8606
8607
8607
8608
8610
8611
8621
8621
8622
8622
8624
8626
8628
8629
8634
8635
8636
8640
8640
8643
8647
8647
8647
8647
8649
8653
8654
8655
8657
8658
8658
8661
8661
8661
8661
8666
8667
8669
8671
8674
8676
8681
8683
8684
8685
8688
8695
8696
8696
8697
8701
8702
8710
8712
8717
8718
8719
8720
8721
8731
8736
8738
8739
8744
8745
8745
8749
8755
8757
8758
8758
8759
8765
8765
8767
8773
8779
8779
8779
8782
8783
8784
8787
8788
8790
8790
8791
8795
8798
8801
8801
8803
8805
8812
8816
8817
8820
8820
8821
8824
8824
8827
8827
8831
8832
8833
8835
8835
8836
8836
8836
8837
8837
8841
8841
8842
8843
8844
8849
8850
8852
8858
8858
8858
8859
8867
8868
8870
8875
8876
8880
8882
8883
8884
8884
8889
8894
8895
8898
8899
8899
8904
8904
8906
8913
8913
8914
8914
8916
8919
8924
8924
8924
8925
8925
8928
8930
8930
8931
8931
8932
8936
8937
8937
8938
8940
8941
8944
8948
8948
8948
8949
8950
8950
8951
8954
8954
8956
8957
8958
8959
8960
8961
8961
8962
8965
8968
8971
8974
8975
8977
8978
8979
8980
8981
8983
8986
8990
8993
8996
8999
8999
9000
9000
9001
9002
9007
9013
9019
9024
9025
9025
9027
9029
9035
9036
9041
9043
9043
9045
9047
9048
9049
9049
9051
9055
9056
9062
9063
9064
9067
9073
9074
9080
9081
9082
9085
9086
9093
9095
9098
9099
9101
9101
9103
9105
9111
9111
9111
9115
9117
9117
9118
9121
9122
9123
9125
9128
9128
9133
9133
9135
9136
9139
9139
9140
9140
9143
9150
9154
9161
9162
9163
9170
9171
9175
9176
9176
9178
9182
9183
9186
9188
9189
9190
9194
9195
9197
9197
9202
9207
9209
9216
9216
9217
9217
9219
9221
9221
9221
9222
9223
9223
9224
9232
9234
9235
9237
9237
9241
9242
9243
9243
9245
9248
9248
9249
9255
9259
9263
9265
9266
9267
9269
9272
9275
9277
9277
9277
9281
9293
9294
9295
9296
9298
9300
9301
9303
9305
9306
9308
9308
9308
9309
9310
9311
9312
9314
9321
9322
9327
9328
9330
9331
9332
9337
9338
9339
9341
9343
9344
9344
9349
9360
9360
9368
9372
9373
9376
9376
9377
9388
9394
9400
9400
9401
9409
9413
9414
9415
9417
9419
9423
9424
9426
9429
9430
9430
9435
9435
9439
9440
9442
9443
9445
9446
9447
9448
9448
9451
9455
9456
9458
9460
9460
9464
9467
9469
9469
9470
9470
9470
9473
9475
9476
9476
9477
9478
9480
9480
9480
9481
9482
9483
9484
9489
9492
9493
9494
9494
9495
9499
9503
9508
9511
9514
9515
9517
9519
9519
9520
9521
9522
9525
9525
9526
9526
9527
9528
9528
9528
9529
9531
9531
9532
9537
9540
9540
9541
9543
9545
9545
9546
9550
9551
9555
9557
9558
9558
9558
9559
9560
9560
9562
9563
9563
9563
9564
9571
9573
9573
9575
9577
9578
9581
9585
9586
9593
9594
9597
9599
9600
9602
9605
9608
9608
9614
9618
9620
9621
9621
9623
9625
9627
9633
9633
9637
9644
9644
9645
9647
9654
9654
9656
9664
9667
9667
9672
9672
9675
9679
9682
9683
9685
9687
9687
9688
9689
9690
9693
9697
9702
9702
9706
9716
9718
9719
9721
9722
9724
9724
9727
9729
9733
9740
9740
9740
9742
9745
9746
9747
9751
9753
9753
9754
9756
9757
9758
9760
9761
9761
9763
9763
9764
9771
9775
9776
9781
9781
9782
9783
9785
9786
9787
9791
9793
9793
9795
9798
9800
9802
9810
9810
9813
9813
9821
9821
9823
9824
9824
9830
9837
9842
9842
9844
9849
9849
9851
9853
9859
9860
9864
9865
9873
9876
9878
9878
9880
9881
9883
9883
9884
9888
9892
9894
9894
9897
9897
9897
9897
9899
9899
9900
9902
9902
9902
9904
9904
9904
9907
9908
9909
9909
9913
9914
9915
9918
9918
9919
9919
9919
9919
9920
9921
9922
9925
9925
9926
9927
9928
9928
9930
9931
9931
9933
9934
9934
9937
9940
9944
9945
9946
9952
9953
9954
9954
9958
9959
9959
9961
9961
9963
9970
9970
9970
9972
9973
9973
9978
9979
9983
9983
9986
9986
9987
9987
9988
9994
9995
9996
9999
10002
10006
10009
10010
10014
10016
10017
10020
10021
10023
10030
10032
10032
10033
10038
10038
10039
10040
10040
10040
10044
10045
10047
10050
10053
10053
10054
10054
10056
10057
10058
10065
10066
10067
10067
10073
10075
10079
10081
10081
10086
10087
10089
10090
10094
10096
10096
10099
10101
10101
10104
10105
10107
10109
10115
10116
10120
10121
10122
10122
10124
10124
10128
10130
10131
10132
10133
10135
10138
10141
10143
10143
10146
10151
10151
10153
10154
10164
10165
10169
10170
10171
10171
10177
10177
10179
10186
10186
10186
10187
10187
10189
10190
10194
10195
10196
10200
10201
10206
10207
10211
10217
10219
10220
10221
10223
10224
10226
10231
10233
10240
10241
10243
10245
10248
10248
10250
10252
10252
10253
10253
10253
10257
10258
10258
10258
10259
10260
10261
10261
10263
10263
10263
10271
10273
10277
10279
10280
10280
10281
10281
10282
10288
10288
10295
10296
10298
10307
10308
10309
10313
10313
10314
10316
10318
10321
10324
10325
10330
10330
10330
10332
10334
10334
10334
10335
10341
10342
10342
10345
10346
10348
10348
10353
10355
10355
10356
10357
10357
10357
10359
10365
10366
10368
10371
10377
10378
10378
10379
10382
10382
10384
10384
10384
10389
10395
10396
10398
10398
10400
10412
10412
10414
10416
10421
10421
10422
10423
10424
10425
10425
10428
10428
10431
10431
10433
10436
10437
10441
10442
10444
10444
10445
10449
10451
10451
10455
10456
10467
10470
10471
10472
10472
10472
10477
10477
10477
10483
10487
10494
10496
10499
10502
10502
10504
10504
10507
10507
10514
10516
10520
10520
10524
10524
10528
10529
10531
10537
10539
10544
10549
10550
10551
10555
10557
10562
10565
10565
10569
10569
10569
10570
10573
10575
10576
10577
10579
10579
10581
10584
10585
10586
10588
10592
10594
10596
10596
10601
10601
10603
10605
10606
10608
10609
10611
10612
10614
10618
10622
10623
10631
10631
10633
10638
10638
10640
10642
10642
10646
10647
10647
10648
10651
10652
10654
10656
10659
10659
10659
10661
10665
10665
10666
10669
10669
10679
10680
10682
10684
10686
10689
10691
10691
10692
10693
10697
10698
10699
10701
10702
10711
10713
10714
10715
10718
10721
10730
10730
10731
10735
10737
10738
10739
10739
10741
10741
10742
10744
10745
10752
10760
10760
10762
10765
10766
10767
10768
10768
10769
10771
10773
10781
10781
10782
10786
10787
10791
10794
10799
10799
10800
10801
10803
10811
10813
10813
10820
10821
10822
10824
10826
10831
10838
10839
10842
10844
10846
10846
10851
10858
10858
10859
10862
10865
10865
10866
10867
10868
10871
10874
10879
10885
10887
10894
10898
10898
10901
10901
10903
10904
10911
10911
10911
10917
10924
10928
10929
10931
10932
10932
10933
10937
10938
10944
10955
10956
10957
10960
10960
10963
10963
10963
10964
10965
10968
10969
10971
10975
10976
10976
10978
10979
10980
10981
10985
10985
10986
10987
10987
10988
10989
10990
10991
10994
11000
11002
11002
11003
11005
11012
11013
11014
11014
11018
11021
11021
11023
11026
11027
11029
11032
11035
11037
11038
11039
11040
11040
11043
11045
11048
11049
11054
11055
11062
11063
11067
11068
11069
11072
11074
11076
11077
11078
11080
11082
11082
11085
11086
11091
11095
11097
11098
11100
11100
11101
11104
11112
11112
11114
11115
11116
11122
11128
11129
11129
11134
11135
11136
11139
11146
11156
11168
11169
11171
11171
11173
11175
11176
11181
11182
11192
11192
11195
11196
11199
11203
11204
11204
11205
11206
11209
11210
11211
11211
11214
11214
11225
11234
11237
11241
11243
11243
11245
11245
11247
11249
11250
11251
11254
11254
11254
11258
11260
11268
11279
11282
11283
11283
11284
11286
11289
11295
11299
11301
11302
11306
11306
11307
11313
11316
11318
11322
11326
11335
11344
11345
11347
11352
11355
11357
11358
11359
11361
11363
11369
11371
11373
11375
11375
11388
11388
11394
11399
11401
11403
11406
11407
11407
11413
11415
11424
11424
11427
11427
11428
11428
11431
11431
11432
11435
11440
11443
11444
11445
11449
11451
11453
11459
11459
11461
11463
11465
11467
11469
11469
11471
11472
11481
11481
11485
11488
11488
11488
11488
11489
11490
11491
11492
11493
11494
11495
11496
11496
11497
11500
11502
11503
11503
11506
11507
11508
11517
11522
11525
11525
11527
11528
11529
11533
11534
11537
11542
11542
11547
11549
11550
11551
11554
11556
11557
11558
11558
11560
11563
11563
11564
11567
11570
11572
11573
11574
11579
11586
11588
11593
11593
11602
11603
11605
11607
11609
11609
11610
11614
11621
11623
11626
11627
11632
11632
11635
11637
11644
11652
11654
11654
11660
11663
11665
11665
11670
11673
11674
11675
11676
11678
11679
11679
11681
11687
11688
11691
11694
11694
11695
11695
11697
11698
11704
11712
11714
11714
11716
11718
11718
11720
11721
11725
11725
11725
11727
11733
11734
11734
11736
11739
11742
11744
11745
11753
11755
11757
11758
11761
11768
11779
11782
11782
11783
11789
11790
11792
11798
11801
11803
11803
11810
11810
11813
11815
11817
11817
11821
11823
11823
11825
11825
11826
11831
11833
11838
11840
11840
11842
11843
11845
11847
11848
11849
11853
11854
11855
11863
11866
11871
11872
11872
11873
11876
11878
11880
11891
11892
11893
11897
11897
11899
11900
11902
11905
11913
11914
11914
11922
11926
11931
11931
11932
11933
11945
11947
11951
11953
11955
11957
11957
11959
11960
11969
11970
11970
11973
11982
11983
11987
11994
11995
11996
11996
11997
12005
12006
12007
12024
12025
12025
12030
12031
12036
12037
12038
12038
12039
12042
12044
12046
12048
12055
12057
12060
12069
12070
12072
12076
12077
12083
12087
12089
12091
12102
12109
12109
12110
12111
12118
12120
12120
12122
12124
12124
12129
12133
12137
12140
12142
12143
12146
12146
12149
12161
12163
12164
12167
12180
12183
12185
12185
12190
12199
12201
12206
12207
12208
12211
12212
12214
12218
12230
12231
12233
12235
12238
12239
12242
12243
12246
12246
12249
12252
12254
12255
12257
12257
12268
12270
12271
12274
12276
12276
12281
12284
12285
12287
12288
12289
12290
12293
12298
12299
12300
12300
12302
12308
12308
12311
12312
12318
12328
12328
12331
12332
12332
12333
12337
12337
12338
12338
12341
12343
12358
12361
12362
12364
12368
12374
12376
12379
12379
12379
12394
12403
12407
12419
12423
12424
12429
12430
12431
12432
12434
12434
12435
12440
12444
12446
12446
12450
12453
12456
12460
12461
12463
12466
12467
12467
12470
12472
12481
12481
12483
12483
12485
12485
12489
12492
12494
12498
12511
12515
12516
12520
12526
12527
12538
12538
12542
12547
12551
12553
12553
12554
12554
12557
12563
12564
12579
12582
12584
12584
12593
12597
12601
12602
12605
12612
12612
12614
12621
12629
12634
12638
12639
12639
12640
12646
12646
12648
12659
12660
12665
12668
12672
12682
12686
12690
12694
12699
12700
12701
12702
12713
12719
12729
12731
12732
12737
12747
12750
12752
12754
12754
12759
12764
12766
12770
12781
12785
12787
12792
12792
12800
12801
12802
12803
12805
12808
12812
12814
12818
12823
12823
12826
12829
12840
12843
12845
12858
12859
12863
12864
12864
12869
12870
12871
12873
12878
12882
12883
12883
12885
12885
12890
12894
12895
12899
12901
12904
12906
12906
12907
12909
12909
12910
12910
12913
12919
12919
12920
12922
12923
12928
12931
12932
12934
12934
12944
12944
12949
12956
12958
12961
12964
12966
12967
12969
12972
12980
12981
12982
12984
12990
12997
13000
13001
13002
13002
13004
13008
13008
13009
13013
13014
13015
13016
13020
13021
13022
13026
13032
13037
13039
13039
13039
13042
13045
13049
13050
13052
13060
13060
13061
13062
13069
13074
13074
13077
13083
13084
13086
13086
13086
13099
13102
13107
13108
13109
13112
13112
13113
13114
13117
13117
13121
13121
13125
13126
13127
13128
13132
13136
13138
13142
13146
13150
13150
13155
13157
13160
13164
13166
13166
13168
13172
13175
13176
13179
13180
13187
13188
13189
13191
13191
13192
13194
13203
13206
13210
13213
13213
13218
13219
13221
13224
13224
13225
13227
13231
13237
13238
13243
13246
13247
13249
13250
13254
13259
13266
13268
13268
13271
13272
13272
13273
13274
13282
13282
13282
13283
13288
13289
13293
13294
13295
13295
13295
13296
13302
13303
13307
13307
13307
13307
13313
13313
13321
13324
13324
13328
13331
13332
13333
13340
13341
13343
13343
13355
13357
13358
13359
13365
13365
13369
13369
13371
13373
13375
13375
13376
13377
13378
13379
13382
13383
13384
13392
13395
13396
13400
13402
13415
13417
13418
13419
13420
13423
13427
13431
13432
13433
13436
13437
13439
13439
13441
13447
13451
13455
13459
13465
13466
13467
13475
13475
13476
13476
13479
13481
13488
13491
13494
13496
13503
13509
13511
13532
13539
13540
13541
13542
13549
13550
13567
13570
13578
13578
13580
13581
13581
13581
13583
13583
13590
13593
13594
13597
13602
13605
13607
13607
13608
13610
13610
13612
13620
13626
13627
13630
13634
13639
13642
13644
13647
13648
13652
13653
13654
13655
13657
13658
13661
13668
13668
13670
13680
13680
13682
13683
13688
13691
13693
13696
13698
13700
13701
13704
13705
13710
13710
13710
13711
13719
13722
13724
13724
13733
13738
13740
13744
13745
13752
13755
13757
13758
13760
13765
13766
13767
13768
13769
13770
13772
13774
13775
13778
13781
13784
13792
13793
13798
13799
13804
13806
13809
13810
13812
13814
13819
13819
13823
13827
13828
13830
13834
13835
13840
13840
13842
13846
13855
13856
13856
13858
13862
13863
13872
13872
13877
13878
13881
13882
13884
13885
13885
13887
13887
13890
13890
13894
13919
13919
13922
13922
13922
13922
13929
13931
13933
13934
13934
13938
13938
13941
13945
13946
13947
13952
13953
13953
13957
13957
13962
13967
13969
13977
13977
13989
13995
13995
13999
14001
14002
14005
14007
14007
14008
14010
14012
14015
14018
14021
14022
14024
14029
14032
14034
14036
14037
14038
14039
14041
14045
14048
14053
14054
14057
14059
14060
14062
14062
14062
14063
14063
14064
14068
14069
14074
14079
14081
14091
14091
14091
14093
14098
14102
14104
14104
14105
14113
14113
14119
14134
14145
14156
14158
14163
14165
14166
14176
14177
14188
14188
14196
14202
14203
14217
14221
14226
14232
14237
14240
14241
14244
14247
14247
14250
14257
14259
14267
14269
14280
14283
14284
14284
14285
14286
14288
14293
14293
14295
14300
14301
14306
14308
14308
14309
14310
14312
14312
14314
14320
14320
14321
14322
14324
14325
14326
14336
14336
14342
14344
14347
14349
14352
14368
14387
14394
14399
14399
14401
14404
14405
14410
14411
14411
14412
14412
14413
14415
14418
14418
14420
14427
14433
14436
14437
14440
14442
14445
14457
14459
14459
14462
14467
14470
14476
14478
14481
14481
14486
14486
14487
14493
14501
14506
14511
14513
14521
14525
14527
14530
14533
14545
14547
14553
14553
14558
14559
14560
14567
14570
14576
14582
14584
14585
14586
14586
14588
14590
14590
14595
14595
14596
14599
14602
14606
14609
14618
14618
14624
14628
14630
14630
14632
14636
14637
14643
14644
14647
14652
14653
14654
14656
14661
14661
14662
14664
14664
14672
14676
14685
14695
14701
14702
14703
14708
14712
14716
14720
14722
14722
14727
14730
14736
14738
14748
14756
14756
14760
14766
14774
14776
14779
14782
14782
14787
14787
14788
14790
14792
14794
14794
14806
14812
14812
14813
14816
14818
14819
14823
14824
14825
14825
14836
14839
14844
14847
14856
14860
14864
14864
14865
14868
14872
14878
14885
14894
14896
14898
14900
14905
14907
14909
14912
14915
14917
14918
14919
14925
14926
14926
14928
14928
14931
14931
14939
14940
14940
14952
14954
14956
14957
14958
14959
14960
14965
14972
14979
14980
14981
14987
14989
14990
14991
14993
14998
15006
15007
15008
15009
15012
15013
15016
15017
15019
15021
15032
15033
15033
15038
15041
15043
15043
15045
15046
15049
15054
15054
15056
15058
15061
15061
15064
15065
15068
15070
15072
15076
15083
15087
15090
15097
15098
15099
15104
15106
15107
15108
15114
15115
15118
15119
15121
15124
15125
15127
15128
15137
15142
15142
15143
15147
15154
15160
15172
15184
15185
15187
15188
15191
15196
15198
15203
15204
15207
15207
15208
15211
15213
15215
15220
15223
15225
15227
15228
15229
15232
15236
15238
15243
15244
15248
15249
15255
15257
15257
15258
15258
15259
15266
15268
15276
15279
15282
15283
15287
15290
15292
15292
15294
15296
15296
15306
15307
15317
15319
15326
15329
15332
15337
15337
15338
15348
15357
15358
15358
15360
15360
15362
15363
15365
15365
15365
15371
15371
15377
15378
15380
15391
15394
15398
15401
15418
15418
15419
15420
15422
15424
15443
15443
15445
15446
15448
15450
15452
15452
15452
15458
15461
15466
15468
15471
15473
15477
15480
15485
15488
15492
15495
15496
15499
15501
15504
15504
15509
15509
15515
15525
15527
15528
15529
15530
15531
15531
15535
15544
15549
15549
15550
15551
15558
15559
15563
15563
15564
15569
15577
15580
15594
15594
15599
15599
15600
15603
15610
15616
15619
15630
15633
15635
15640
15640
15641
15648
15650
15655
15659
15668
15668
15671
15676
15679
15680
15684
15693
15703
15704
15715
15716
15726
15727
15728
15728
15731
15737
15738
15741
15745
15746
15750
15752
15760
15761
15763
15764
15768
15768
15770
15772
15776
15782
15785
15786
15791
15796
15798
15799
15799
15800
15801
15806
15812
15825
15827
15829
15834
15836
15837
15840
15845
15845
15849
15853
15854
15854
15863
15871
15876
15879
15883
15894
15895
15898
15899
15902
15904
15908
15910
15914
15920
15927
15929
15929
15932
15936
15940
15940
15951
15958
15959
15972
15974
15975
15978
15979
15982
15983
15988
15989
15993
15995
15997
15998
15999
16000
16001
16005
16010
16011
16016
16017
16020
16022
16022
16023
16051
16053
16056
16056
16064
16072
16072
16084
16092
16103
16104
16108
16109
16119
16121
16124
16129
16135
16141
16142
16145
16146
16147
16149
16150
16155
16162
16162
16163
16164
16168
16168
16171
16173
16174
16176
16177
16177
16179
16179
16181
16182
16182
16183
16197
16198
16199
16202
16222
16223
16232
16236
16248
16252
16252
16255
16258
16264
16268
16268
16268
16268
16272
16272
16276
16280
16292
16295
16295
16296
16304
16305
16309
16312
16313
16314
16316
16317
16318
16323
16331
16334
16336
16346
16348
16348
16349
16353
16353
16357
16363
16372
16375
16378
16386
16386
16396
16403
16403
16404
16411
16414
16415
16417
16424
16430
16439
16440
16440
16443
16444
16447
16454
16466
16469
16469
16478
16481
16485
16488
16494
16500
16500
16504
16510
16511
16513
16513
16515
16521
16532
16535
16537
16565
16574
16574
16575
16577
16577
16579
16580
16584
16586
16586
16587
16589
16589
16595
16597
16600
16604
16604
16606
16614
16615
16617
16624
16629
16636
16639
16639
16641
16642
16647
16648
16649
16650
16661
16663
16665
16673
16681
16683
16703
16713
16715
16718
16718
16718
16725
16732
16733
16739
16751
16764
16764
16773
16773
16782
16788
16789
16793
16795
16800
16801
16802
16804
16811
16816
16819
16820
16834
16836
16839
16840
16844
16848
16849
16850
16855
16858
16861
16869
16872
16879
16879
16880
16889
16890
16895
16899
16904
16908
16911
16914
16920
16922
16928
16928
16929
16934
16938
16940
16942
16945
16947
16953
16958
16964
16971
16979
16985
16985
16989
16999
17003
17018
17019
17025
17043
17047
17049
17050
17050
17052
17062
17062
17064
17064
17064
17065
17071
17072
17072
17077
17082
17096
17098
17098
17101
17102
17106
17109
17112
17114
17115
17118
17118
17119
17120
17120
17122
17122
17123
17123
17130
17133
17137
17143
17143
17150
17163
17164
17167
17167
17169
17169
17171
17171
17175
17176
17177
17185
17192
17192
17195
17195
17196
17197
17199
17203
17208
17208
17210
17220
17222
17223
17226
17230
17230
17245
17249
17255
17274
17274
17275
17276
17280
17285
17285
17289
17293
17295
17297
17297
17297
17303
17304
17306
17327
17328
17328
17329
17332
17332
17334
17339
17340
17343
17344
17346
17347
17350
17351
17354
17363
17364
17370
17373
17378
17378
17380
17381
17389
17395
17399
17410
17414
17418
17420
17428
17429
17429
17431
17434
17435
17440
17441
17446
17446
17450
17455
17456
17463
17476
17484
17485
17486
17487
17487
17491
17492
17496
17501
17507
17508
17511
17512
17519
17526
17526
17528
17529
17529
17530
17532
17538
17541
17545
17551
17553
17556
17558
17560
17560
17566
17568
17571
17582
17585
17587
17595
17601
17602
17603
17605
17609
17612
17615
17623
17631
17637
17638
17638
17639
17641
17641
17645
17650
17651
17652
17655
17659
17660
17661
17663
17664
17666
17666
17668
17680
17686
17686
17694
17702
17704
17712
17714
17716
17731
17734
17735
17744
17749
17750
17750
17751
17756
17773
17779
17782
17786
17787
17787
17808
17809
17811
17821
17824
17835
17837
17843
17846
17846
17851
17852
17856
17858
17858
17860
17860
17861
17861
17865
17870
17870
17872
17877
17879
17880
17885
17887
17890
17890
17893
17896
17900
17901
17903
17904
17908
17908
17909
17914
17915
17918
17925
17931
17936
17947
17950
17960
17963
17966
17968
17969
17980
17981
17982
17982
17984
17988
17991
18003
18003
18015
18024
18026
18028
18030
18033
18034
18035
18035
18042
18044
18047
18048
18051
18053
18054
18061
18061
18061
18061
18062
18065
18066
18071
18071
18079
18083
18084
18087
18089
18098
18101
18102
18105
18111
18116
18121
18123
18123
18123
18128
18128
18131
18135
18137
18143
18160
18161
18166
18170
18174
18181
18182
18185
18192
18195
18197
18197
18202
18203
18209
18216
18223
18230
18232
18233
18240
18272
18272
18274
18276
18283
18287
18289
18299
18300
18300
18309
18309
18323
18332
18335
18339
18345
18348
18353
18360
18370
18372
18372
18373
18382
18386
18396
18400
18401
18403
18407
18413
18423
18430
18432
18435
18436
18439
18444
18448
18452
18455
18458
18461
18462
18464
18470
18471
18476
18478
18497
18502
18503
18520
18527
18530
18531
18543
18555
18563
18569
18572
18573
18575
18583
18593
18598
18604
18608
18609
18615
18622
18628
18629
18633
18633
18635
18637
18640
18641
18646
18647
18650
18650
18663
18664
18666
18672
18672
18672
18677
18677
18679
18682
18682
18683
18683
18683
18687
18697
18723
18728
18732
18739
18750
18751
18764
18770
18773
18776
18777
18777
18779
18783
18789
18809
18809
18820
18821
18821
18825
18826
18829
18830
18838
18840
18842
18857
18865
18876
18887
18887
18888
18898
18900
18900
18903
18910
18914
18917
18923
18924
18926
18927
18938
18941
18944
18946
18947
18948
18948
18951
18952
18953
18958
18964
18965
18968
18968
18969
18971
18972
18973
18980
18983
18984
18990
18992
18996
19001
19015
19018
19022
19024
19032
19034
19040
19044
19044
19045
19049
19053
19054
19058
19062
19068
19074
19078
19092
19101
19102
19102
19108
19109
19115
19116
19116
19119
19120
19122
19130
19130
19131
19139
19139
19147
19147
19160
19161
19164
19164
19165
19169
19172
19173
19179
19182
19189
19193
19202
19213
19214
19220
19226
19226
19230
19232
19238
19240
19243
19244
19245
19249
19257
19260
19262
19262
19265
19266
19266
19267
19280
19286
19286
19288
19288
19298
19303
19307
19312
19313
19316
19321
19324
19327
19333
19334
19339
19341
19342
19344
19349
19349
19350
19356
19374
19380
19397
19402
19405
19411
19422
19425
19430
19430
19431
19433
19433
19447
19450
19454
19455
19460
19463
19466
19467
19468
19469
19470
19474
19477
19484
19485
19486
19490
19503
19504
19515
19516
19525
19528
19531
19532
19533
19535
19537
19539
19540
19542
19545
19545
19545
19545
19548
19552
19554
19565
19569
19570
19572
19572
19576
19585
19603
19615
19622
19627
19630
19637
19644
19657
19657
19659
19666
19678
19680
19680
19690
19694
19694
19696
19696
19703
19709
19717
19729
19731
19733
19764
19771
19771
19784
19790
19797
19801
19805
19806
19809
19812
19815
19816
19819
19821
19825
19832
19837
19839
19857
19860
19860
19864
19871
19878
19880
19883
19884
19901
19903
19906
19909
19920
19921
19931
19932
19945
19946
19946
19965
19973
19989
19994
19996
20003
20011
20011
20012
20019
20021
20023
20023
20038
20039
20043
20056
20057
20059
20066
20068
20073
20076
20084
20091
20098
20102
20110
20122
20128
20128
20130
20131
20132
20133
20139
20140
20142
20146
20146
20147
20151
20157
20165
20170
20170
20175
20177
20180
20195
20204
20205
20207
20211
20223
20230
20233
20234
20237
20239
20240
20251
20253
20253
20263
20265
20268
20271
20273
20274
20300
20302
20303
20315
20315
20326
20334
20336
20339
20362
20367
20369
20372
20392
20393
20397
20397
20398
20413
20427
20428
20459
20461
20465
20469
20476
20478
20496
20505
20507
20518
20531
20545
20551
20551
20560
20562
20566
20568
20573
20582
20582
20584
20603
20606
20612
20618
20621
20649
20671
20686
20691
20695
20696
20700
20700
20705
20706
20717
20717
20725
20736
20740
20741
20746
20748
20751
20754
20768
20772
20784
20786
20792
20802
20807
20809
20824
20829
20830
20833
20834
20865
20871
20874
20880
20890
20899
20904
20904
20917
20918
20928
20940
20946
20957
20961
20969
20971
20971
20983
20984
20987
20989
21003
21016
21037
21040
21049
21059
21065
21072
21077
21082
21083
21085
21108
21108
21111
21115
21121
21123
21123
21124
21130
21160
21160
21197
21205
21208
21228
21231
21244
21244
21249
21252
21252
21270
21285
21285
21286
21292
21322
21325
21333
21334
21342
21350
21351
21359
21369
21373
21373
21389
21392
21395
21412
21415
21437
21437
21460
21528
21529
21534
21538
21538
21548
21565
21567
21573
21599
21599
21609
21610
21617
21634
21636
21645
21654
21656
21662
21665
21673
21675
21696
21699
21711
21711
21712
21715
21717
21738
21749
21752
21753
21773
21777
21800
21802
21809
21832
21843
21851
21851
21852
21855
21867
21878
21902
21933
21937
21944
21951
21955
21988
21996
22012
22031
22036
22045
22059
22070
22074
22076
22087
22094
22095
22131
22135
22144
22145
22148
22154
22154
22156
22162
22165
22182
22184
22198
22210
22219
22229
22232
22239
22248
22260
22266
22267
22275
22302
22307
22325
22341
22372
22391
22393
22395
22403
22422
22432
22436
22441
22442
22476
22496
22496
22506
22507
22522
22526
22556
22567
22571
22587
22595
22625
22631
22668
22680
22682
22700
22704
22707
22736
22757
22773
22773
22789
22803
22852
22854
22868
22872
22881
22893
22915
22926
22945
22969
22974
22977
22980
23002
23009
23025
23035
23066
23070
23083
23083
23092
23096
23131
23138
23148
23157
23160
23160
23190
23190
23198
23205
23205
23222
23230
23269
23345
23358
23368
23378
23388
23400
23405
23406
23443
23445
23464
23479
23482
23490
23523
23539
23571
23580
23581
23609
23623
23634
23638
23711
23726
23746
23774
23783
23794
23803
23808
23812
23816
23841
23859
23875
23880
23889
23892
23893
23937
23988
23992
24006
24015
24036
24043
24095
24128
24131
24186
24200
24232
24242
24257
24262
24274
24276
24304
24342
24369
24381
24409
24417
24448
24477
24505
24518
24527
24565
24580
24582
24627
24653
24664
24676
24737
24751
24751
24762
24762
24774
24816
24837
24891
24892
24901
24916
24917
24932
24939
24942
24956
24961
24961
24993
25008
25083
25089
25111
25123
25215
25247
25269
25275
25297
25307
25328
25363
25376
25381
25435
25444
25507
25515
25517
25526
25540
25570
25621
25624
25633
25680
25693
25694
25716
25718
25722
25746
25789
25798
25816
25843
25854
25877
25895
25925
25927
25936
25974
26050
26055
26077
26081
26107
26185
26231
26244
26293
26336
26396
26440
26470
26497
26534
26536
26544
26583
26587
26605
26648
26783
26829
26829
26839
26850
27005
27007
27016
27041
27048
27150
27180
27186
27198
27230
27295
27428
27491
27530
27592
27634
27824
27948
28003
28008
28012
28045
28107
28127
28302
28335
28572
28664
28773
28793
28835
29149
29267
29293
29297
29312
29551
29598
29922
30105
30135
30138
30348
30455
30455
30459
30500
30519
30689
30898
31042
31618
31630
31636
31726
32113
32311
32426
32521
32783
33137
33397
33637
33864
34051
34773
34814
36009
36117
36308
39232
39751
