1004
1004
1004
1005
1006
1006
1007
1008
1012
1013
1014
1014
1015
1016
1018
1020
1021
1021
1021
1025
1028
1033
1036
1037
1038
1040
1042
1042
1045
1045
1045
1046
1046
1047
1047
1048
1050
1051
1053
1055
1057
1057
1057
1058
1060
1063
1063
1064
1065
1068
1070
1071
1072
1073
1074
1075
1075
1077
1079
1079
1081
1083
1085
1085
1086
1086
1086
1087
1088
1089
1089
1093
1093
1094
1094
1097
1098
1099
1099
1099
1101
1103
1104
1105
1105
1108
1109
1112
1113
1114
1114
1115
1116
1116
1117
1117
1118
1121
1122
1123
1124
1124
1125
1125
1127
1127
1129
1129
1130
1130
1132
1133
1133
1134
1135
1136
1137
1137
1138
1138
1138
1139
1140
1140
1140
1141
1141
1142
1142
1143
1143
1146
1147
1147
1150
1151
1153
1153
1154
1154
1154
1156
1157
1158
1159
1161
1161
1161
1161
1161
1161
1163
1164
1167
1169
1171
1173
1176
1181
1181
1181
1182
1183
1185
1186
1187
1190
1193
1195
1196
1197
1199
1200
1201
1201
1202
1202
1204
1204
1205
1205
1205
1208
1208
1208
1209
1210
1210
1214
1214
1215
1217
1217
1218
1218
1219
1220
1220
1220
1221
1221
1221
1221
1221
1222
1222
1222
1222
1223
1223
1223
1224
1224
1224
1224
1224
1224
1225
1226
1227
1231
1234
1235
1236
1236
1237
1238
1239
1241
1241
1242
1243
1245
1248
1248
1249
1249
1251
1251
1252
1253
1253
1253
1253
1254
1255
1259
1259
1259
1259
1261
1261
1264
1264
1264
1266
1267
1268
1270
1273
1275
1277
1280
1280
1280
1280
1280
1281
1281
1282
1282
1285
1286
1289
1294
1294
1294
1296
1296
1298
1298
1299
1299
1299
1301
1302
1303
1304
1304
1307
1308
1309
1309
1313
1313
1314
1314
1315
1317
1319
1320
1321
1322
1323
1324
1324
1324
1325
1325
1326
1326
1327
1327
1328
1328
1329
1332
1332
1332
1333
1333
1334
1335
1335
1337
1338
1339
1339
1341
1342
1342
1344
1345
1346
1346
1347
1348
1348
1350
1352
1352
1352
1352
1352
1352
1355
1355
1355
1355
1355
1356
1356
1357
1357
1359
1359
1359
1359
1360
1360
1360
1363
1366
1366
1367
1368
1368
1370
1371
1371
1372
1373
1373
1374
1374
1375
1375
1376
1377
1378
1379
1380
1380
1381
1382
1383
1383
1383
1384
1384
1385
1385
1385
1386
1387
1387
1389
1390
1390
1391
1392
1392
1395
1398
1400
1403
1403
1403
1403
1404
1405
1405
1406
1406
1406
1407
1408
1408
1408
1408
1409
1409
1411
1411
1411
1412
1412
1413
1413
1414
1415
1416
1417
1418
1420
1421
1422
1422
1423
1423
1424
1425
1425
1425
1426
1426
1426
1428
1428
1428
1428
1429
1429
1430
1430
1431
1437
1437
1441
1441
1442
1443
1443
1444
1444
1445
1447
1448
1449
1450
1452
1453
1453
1454
1454
1455
1455
1456
1456
1457
1457
1457
1460
1460
1461
1462
1462
1463
1463
1465
1466
1466
1467
1468
1470
1470
1470
1471
1472
1472
1474
1474
1474
1475
1475
1476
1477
1478
1481
1481
1482
1483
1483
1483
1484
1485
1487
1488
1489
1489
1490
1491
1491
1491
1492
1492
1492
1492
1493
1493
1494
1494
1495
1496
1496
1497
1497
1497
1497
1497
1498
1498
1498
1499
1500
1500
1502
1505
1505
1506
1507
1507
1507
1507
1508
1509
1510
1510
1512
1512
1512
1513
1513
1513
1515
1516
1517
1519
1519
1520
1522
1522
1523
1524
1526
1528
1528
1529
1530
1533
1534
1534
1534
1535
1536
1537
1537
1538
1539
1539
1539
1540
1540
1543
1546
1546
1547
1547
1548
1549
1549
1552
1552
1553
1554
1557
1558
1559
1560
1561
1562
1562
1563
1563
1564
1565
1567
1569
1569
1570
1571
1571
1572
1572
1572
1572
1573
1574
1575
1576
1578
1579
1579
1583
1584
1588
1588
1588
1589
1589
1590
1590
1591
1592
1592
1593
1593
1593
1594
1595
1595
1595
1595
1596
1596
1599
1602
1602
1603
1604
1604
1606
1606
1607
1614
1614
1615
1615
1615
1616
1617
1618
1619
1620
1620
1621
1621
1621
1622
1622
1622
1623
1623
1625
1627
1628
1628
1628
1629
1630
1630
1631
1631
1632
1633
1633
1635
1635
1636
1639
1641
1641
1643
1646
1646
1647
1647
1647
1649
1649
1650
1650
1650
1651
1651
1654
1655
1655
1657
1659
1660
1660
1661
1661
1666
1667
1667
1667
1668
1670
1670
1670
1671
1671
1671
1672
1672
1673
1673
1674
1677
1678
1680
1681
1681
1681
1681
1681
1685
1687
1687
1687
1688
1688
1689
1689
1691
1695
1698
1698
1699
1700
1701
1703
1705
1705
1706
1707
1708
1710
1711
1713
1714
1714
1715
1715
1716
1717
1717
1718
1719
1721
1722
1723
1723
1724
1724
1725
1726
1726
1726
1727
1727
1728
1728
1729
1729
1731
1731
1731
1732
1734
1735
1735
1736
1738
1738
1740
1740
1741
1741
1742
1744
1744
1744
1744
1745
1746
1746
1749
1753
1753
1753
1753
1754
1754
1756
1757
1757
1758
1758
1758
1759
1760
1761
1761
1761
1762
1763
1763
1764
1766
1767
1767
1768
1771
1771
1772
1772
1773
1776
1776
1776
1777
1777
1777
1777
1779
1779
1780
1780
1782
1784
1784
1784
1784
1784
1786
1788
1790
1791
1791
1791
1791
1792
1795
1797
1797
1798
1798
1799
1800
1802
1802
1803
1803
1804
1805
1806
1806
1807
1809
1810
1810
1812
1815
1816
1817
1819
1820
1820
1821
1823
1825
1825
1825
1827
1828
1829
1830
1830
1831
1832
1832
1833
1834
1835
1836
1836
1838
1838
1838
1838
1841
1841
1841
1843
1843
1844
1844
1844
1845
1846
1846
1847
1848
1848
1849
1849
1851
1851
1852
1852
1854
1854
1854
1855
1856
1856
1857
1857
1858
1858
1859
1859
1859
1861
1862
1864
1864
1864
1865
1867
1867
1870
1870
1870
1872
1873
1873
1874
1876
1879
1879
1881
1881
1881
1884
1886
1886
1888
1889
1890
1891
1893
1894
1894
1894
1895
1896
1896
1898
1899
1899
1900
1903
1903
1904
1905
1908
1910
1910
1910
1910
1910
1911
1911
1913
1915
1917
1918
1918
1919
1920
1922
1923
1923
1924
1924
1925
1926
1927
1928
1929
1929
1929
1930
1931
1934
1936
1937
1938
1939
1939
1939
1941
1943
1945
1945
1946
1946
1947
1949
1950
1950
1951
1952
1952
1954
1955
1955
1956
1956
1958
1958
1958
1958
1960
1961
1961
1962
1963
1964
1965
1967
1967
1967
1969
1969
1970
1975
1976
1980
1980
1980
1980
1981
1983
1983
1983
1984
1985
1985
1987
1987
1987
1989
1990
1993
1994
1995
1997
1997
1998
1998
1999
1999
2000
2000
2002
2003
2003
2004
2004
2005
2005
2006
2007
2009
2009
2010
2010
2011
2011
2012
2012
2014
2014
2014
2015
2015
2017
2018
2019
2022
2023
2023
2024
2025
2025
2026
2027
2027
2027
2027
2029
2029
2030
2030
2031
2031
2032
2032
2033
2033
2033
2033
2033
2034
2035
2035
2036
2037
2040
2040
2041
2041
2042
2043
2045
2045
2045
2046
2046
2047
2048
2048
2048
2051
2052
2053
2054
2055
2056
2056
2056
2057
2057
2057
2057
2058
2061
2062
2062
2065
2065
2066
2069
2070
2072
2072
2073
2073
2075
2075
2076
2080
2081
2081
2082
2082
2083
2084
2084
2084
2085
2086
2088
2088
2088
2089
2090
2091
2091
2092
2094
2096
2096
2097
2097
2097
2098
2101
2101
2103
2105
2105
2107
2107
2107
2107
2108
2108
2111
2111
2113
2114
2115
2117
2120
2121
2121
2122
2122
2125
2125
2129
2129
2129
2130
2132
2132
2132
2134
2135
2135
2136
2138
2139
2140
2141
2142
2142
2143
2143
2145
2146
2146
2150
2151
2156
2156
2158
2158
2158
2158
2159
2160
2160
2160
2160
2162
2162
2163
2163
2163
2164
2164
2164
2165
2166
2166
2168
2171
2171
2172
2173
2174
2174
2176
2177
2177
2177
2178
2179
2180
2180
2181
2182
2183
2185
2188
2191
2193
2193
2193
2197
2197
2198
2199
2200
2203
2203
2207
2208
2208
2209
2209
2210
2210
2212
2212
2213
2217
2218
2219
2222
2222
2223
2223
2224
2224
2224
2225
2225
2225
2225
2225
2229
2229
2230
2230
2231
2233
2235
2236
2237
2239
2239
2239
2240
2240
2242
2242
2242
2243
2244
2245
2247
2248
2248
2248
2248
2249
2249
2253
2254
2255
2257
2257
2259
2261
2261
2263
2265
2265
2265
2266
2267
2268
2269
2270
2270
2270
2272
2273
2274
2274
2274
2275
2275
2275
2275
2277
2277
2277
2277
2277
2277
2278
2278
2278
2278
2281
2282
2286
2286
2288
2288
2289
2290
2290
2291
2291
2291
2292
2294
2294
2294
2294
2295
2296
2298
2299
2299
2300
2301
2301
2302
2305
2305
2307
2308
2309
2309
2310
2311
2312
2313
2315
2315
2316
2318
2318
2319
2322
2322
2323
2323
2323
2324
2324
2326
2326
2328
2330
2330
2330
2331
2334
2335
2336
2339
2339
2340
2341
2341
2343
2344
2345
2346
2347
2347
2348
2349
2352
2352
2352
2353
2353
2354
2355
2356
2357
2359
2360
2361
2361
2362
2362
2363
2365
2366
2367
2368
2372
2373
2374
2374
2374
2375
2376
2376
2377
2377
2378
2378
2379
2379
2379
2379
2380
2381
2383
2383
2383
2384
2385
2387
2387
2388
2388
2389
2389
2390
2391
2392
2395
2395
2396
2397
2397
2398
2398
2398
2399
2400
2401
2402
2402
2403
2405
2406
2406
2410
2412
2413
2413
2415
2415
2415
2416
2416
2417
2418
2419
2419
2419
2421
2421
2422
2422
2422
2424
2426
2428
2429
2430
2431
2431
2432
2432
2432
2433
2435
2436
2437
2438
2438
2438
2438
2439
2440
2441
2441
2442
2442
2443
2444
2445
2445
2448
2449
2450
2452
2457
2457
2458
2458
2458
2459
2459
2459
2460
2460
2460
2461
2462
2465
2466
2466
2467
2467
2468
2468
2468
2468
2469
2469
2470
2471
2471
2471
2472
2472
2472
2472
2473
2474
2474
2475
2478
2478
2479
2479
2480
2481
2482
2482
2484
2484
2486
2487
2488
2489
2490
2490
2492
2493
2495
2496
2498
2498
2499
2499
2500
2502
2504
2506
2506
2507
2508
2509
2511
2511
2513
2514
2514
2515
2515
2517
2517
2518
2519
2520
2521
2522
2523
2524
2525
2525
2525
2527
2527
2530
2532
2535
2535
2538
2539
2539
2542
2545
2547
2547
2549
2549
2550
2550
2557
2557
2558
2559
2559
2560
2562
2563
2565
2565
2566
2567
2568
2568
2568
2568
2570
2571
2571
2574
2575
2575
2575
2577
2577
2578
2578
2578
2579
2579
2582
2582
2583
2583
2585
2588
2588
2589
2589
2590
2590
2591
2591
2593
2594
2594
2596
2596
2597
2600
2601
2601
2603
2604
2605
2608
2608
2609
2610
2610
2612
2612
2612
2612
2614
2616
2616
2617
2620
2620
2621
2621
2623
2623
2624
2624
2626
2627
2627
2628
2631
2631
2631
2632
2632
2634
2635
2636
2636
2636
2637
2637
2637
2637
2641
2642
2643
2645
2645
2646
2646
2647
2649
2649
2649
2651
2653
2655
2655
2657
2657
2657
2658
2658
2659
2659
2660
2661
2661
2662
2663
2663
2663
2664
2664
2665
2667
2667
2667
2668
2669
2670
2672
2672
2672
2672
2673
2673
2674
2674
2675
2675
2676
2677
2678
2679
2679
2680
2681
2681
2683
2684
2685
2687
2688
2689
2689
2689
2690
2690
2691
2693
2693
2694
2696
2698
2701
2703
2705
2706
2709
2709
2710
2710
2710
2710
2711
2711
2711
2712
2712
2712
2713
2713
2714
2716
2718
2720
2720
2721
2721
2722
2722
2722
2723
2723
2724
2724
2726
2727
2728
2728
2728
2728
2728
2731
2733
2734
2734
2735
2735
2736
2736
2736
2738
2739
2740
2740
2740
2740
2742
2743
2745
2746
2748
2748
2749
2749
2752
2752
2753
2755
2758
2759
2762
2763
2764
2766
2766
2767
2768
2772
2773
2773
2776
2776
2778
2779
2780
2780
2780
2780
2781
2783
2786
2786
2787
2787
2789
2790
2790
2791
2792
2793
2794
2794
2794
2794
2795
2798
2798
2799
2801
2801
2801
2802
2802
2803
2803
2803
2804
2804
2805
2805
2807
2807
2808
2808
2809
2810
2810
2812
2815
2815
2817
2819
2821
2822
2824
2824
2824
2825
2825
2826
2828
2828
2829
2829
2829
2830
2831
2835
2835
2835
2836
2837
2838
2838
2838
2840
2840
2844
2844
2845
2845
2845
2845
2847
2847
2848
2850
2850
2853
2853
2854
2855
2856
2856
2858
2858
2858
2860
2860
2861
2862
2862
2863
2866
2867
2869
2870
2871
2871
2872
2872
2874
2875
2876
2876
2877
2878
2879
2879
2879
2881
2881
2885
2885
2887
2888
2889
2892
2892
2894
2895
2897
2898
2898
2898
2901
2901
2902
2903
2905
2907
2907
2908
2908
2911
2911
2911
2913
2913
2913
2915
2916
2917
2918
2918
2919
2921
2922
2927
2931
2931
2932
2932
2934
2935
2937
2937
2938
2939
2940
2941
2941
2941
2942
2944
2945
2948
2948
2949
2949
2951
2951
2954
2954
2955
2956
2956
2957
2958
2958
2959
2959
2959
2961
2963
2964
2966
2966
2968
2969
2969
2971
2972
2972
2973
2973
2978
2978
2981
2981
2982
2984
2986
2986
2987
2988
2989
2990
2991
2994
2996
2996
2997
2997
3000
3001
3004
3005
3007
3007
3008
3008
3008
3011
3011
3013
3014
3015
3015
3015
3016
3021
3021
3024
3024
3024
3026
3026
3027
3027
3027
3029
3029
3030
3032
3033
3033
3033
3033
3034
3036
3037
3038
3039
3039
3040
3040
3042
3043
3046
3047
3048
3048
3048
3048
3048
3050
3052
3053
3054
3056
3056
3057
3058
3059
3059
3059
3060
3061
3061
3064
3064
3065
3067
3067
3068
3068
3068
3070
3070
3071
3072
3073
3076
3076
3077
3078
3078
3078
3081
3082
3082
3082
3085
3086
3088
3088
3088
3088
3092
3092
3093
3095
3096
3098
3101
3101
3101
3101
3102
3105
3107
3109
3110
3111
3113
3113
3115
3115
3116
3118
3122
3123
3124
3126
3131
3132
3132
3136
3138
3140
3140
3141
3142
3143
3143
3143
3143
3143
3145
3145
3146
3149
3150
3151
3152
3152
3156
3157
3158
3159
3159
3160
3160
3161
3161
3162
3162
3162
3163
3163
3163
3163
3164
3166
3167
3167
3167
3168
3171
3175
3176
3177
3181
3184
3185
3186
3188
3189
3190
3192
3193
3193
3194
3196
3196
3201
3203
3203
3205
3206
3206
3208
3209
3210
3211
3211
3212
3213
3213
3213
3215
3215
3215
3217
3223
3229
3230
3232
3234
3235
3237
3238
3238
3239
3239
3239
3240
3240
3241
3243
3245
3245
3251
3253
3253
3255
3257
3257
3259
3262
3262
3262
3262
3263
3264
3268
3269
3269
3269
3270
3270
3270
3273
3275
3275
3275
3277
3277
3277
3278
3278
3279
3280
3281
3281
3284
3285
3288
3298
3298
3298
3298
3299
3300
3301
3302
3302
3307
3308
3308
3309
3309
3311
3312
3312
3313
3314
3318
3318
3319
3319
3319
3321
3321
3322
3322
3323
3326
3326
3328
3329
3329
3329
3330
3332
3332
3332
3333
3333
3337
3338
3338
3342
3343
3349
3350
3350
3350
3351
3351
3352
3352
3353
3353
3358
3361
3361
3361
3361
3365
3366
3366
3368
3368
3368
3368
3370
3370
3370
3373
3373
3376
3376
3377
3378
3380
3384
3388
3388
3389
3390
3391
3391
3394
3396
3399
3401
3402
3405
3407
3407
3409
3409
3410
3411
3411
3414
3414
3415
3416
3416
3417
3419
3422
3423
3424
3424
3425
3427
3428
3431
3432
3432
3435
3436
3436
3438
3438
3438
3440
3441
3442
3443
3444
3445
3445
3449
3450
3452
3454
3455
3457
3459
3459
3460
3461
3464
3465
3466
3467
3469
3469
3470
3470
3471
3474
3478
3479
3480
3480
3480
3482
3482
3482
3482
3483
3484
3484
3485
3485
3485
3486
3486
3486
3487
3487
3489
3491
3492
3493
3494
3496
3497
3498
3499
3499
3503
3507
3509
3511
3511
3512
3512
3513
3515
3516
3516
3517
3518
3520
3521
3523
3525
3527
3527
3529
3529
3530
3531
3534
3535
3535
3543
3544
3546
3547
3548
3550
3551
3551
3552
3553
3554
3555
3558
3560
3561
3565
3566
3570
3573
3574
3575
3576
3577
3579
3580
3580
3581
3581
3582
3583
3583
3585
3586
3589
3592
3592
3593
3596
3598
3601
3602
3603
3603
3603
3604
3604
3606
3606
3607
3608
3609
3611
3614
3615
3615
3619
3621
3621
3625
3626
3627
3631
3632
3633
3634
3635
3635
3638
3639
3641
3641
3642
3642
3647
3652
3652
3656
3656
3657
3657
3658
3658
3659
3659
3659
3660
3661
3661
3661
3662
3666
3666
3667
3667
3668
3668
3668
3670
3671
3675
3675
3676
3678
3678
3678
3680
3681
3682
3683
3684
3685
3686
3686
3689
3691
3692
3692
3694
3694
3696
3696
3697
3698
3700
3700
3701
3701
3702
3702
3703
3704
3706
3708
3709
3711
3713
3713
3716
3717
3720
3720
3721
3722
3723
3723
3725
3727
3727
3728
3729
3730
3730
3731
3732
3733
3733
3733
3736
3737
3737
3737
3738
3742
3744
3745
3751
3751
3753
3754
3755
3755
3756
3758
3759
3759
3760
3761
3762
3763
3764
3764
3765
3766
3767
3767
3768
3772
3772
3773
3774
3776
3780
3782
3782
3784
3784
3786
3786
3786
3788
3788
3792
3792
3792
3793
3793
3797
3800
3801
3802
3802
3803
3803
3804
3804
3806
3807
3807
3808
3808
3809
3809
3810
3811
3814
3815
3817
3818
3818
3818
3822
3822
3823
3829
3829
3833
3833
3834
3834
3835
3838
3841
3843
3844
3845
3845
3845
3848
3848
3848
3850
3851
3851
3852
3852
3854
3854
3855
3856
3859
3861
3861
3865
3866
3867
3869
3869
3870
3870
3870
3871
3872
3873
3876
3877
3881
3882
3883
3884
3884
3884
3885
3885
3885
3887
3888
3891
3892
3893
3896
3897
3897
3899
3901
3901
3905
3908
3909
3911
3914
3918
3918
3918
3921
3922
3923
3924
3924
3925
3925
3926
3929
3930
3931
3931
3932
3933
3933
3934
3934
3934
3936
3937
3937
3938
3938
3938
3941
3943
3945
3946
3948
3948
3954
3959
3964
3964
3970
3970
3975
3975
3976
3982
3985
3986
3987
3988
3991
3991
3992
3994
3995
3995
3996
3997
3997
4000
4004
4008
4008
4013
4014
4015
4019
4020
4021
4023
4023
4023
4027
4028
4032
4038
4038
4038
4043
4044
4044
4046
4046
4048
4048
4050
4050
4052
4055
4057
4057
4061
4064
4064
4065
4066
4069
4071
4072
4073
4077
4077
4078
4078
4083
4084
4086
4088
4090
4090
4099
4099
4101
4101
4102
4103
4103
4104
4104
4104
4108
4108
4111
4113
4114
4116
4116
4119
4120
4121
4122
4123
4124
4125
4125
4126
4126
4128
4129
4132
4133
4133
4133
4135
4136
4136
4139
4139
4140
4141
4143
4144
4145
4147
4148
4148
4156
4158
4159
4160
4161
4161
4162
4162
4162
4166
4168
4168
4168
4169
4170
4171
4171
4173
4177
4177
4178
4178
4179
4180
4181
4181
4182
4185
4187
4188
4190
4190
4193
4193
4194
4195
4205
4209
4209
4211
4214
4215
4215
4223
4227
4228
4232
4233
4234
4237
4238
4238
4240
4240
4243
4247
4248
4249
4250
4250
4252
4252
4256
4256
4257
4262
4263
4263
4264
4264
4268
4270
4272
4272
4273
4274
4279
4279
4283
4285
4288
4289
4291
4292
4293
4293
4295
4297
4299
4299
4300
4301
4301
4305
4306
4306
4307
4313
4317
4317
4318
4318
4318
4320
4320
4320
4320
4320
4322
4323
4323
4325
4326
4327
4327
4327
4328
4330
4330
4334
4335
4337
4344
4345
4354
4360
4360
4361
4361
4364
4366
4368
4370
4370
4371
4373
4374
4375
4375
4376
4380
4381
4381
4382
4385
4390
4391
4391
4394
4395
4396
4396
4401
4401
4401
4405
4408
4410
4410
4411
4411
4411
4412
4413
4415
4416
4422
4422
4422
4426
4427
4429
4429
4431
4433
4437
4438
4439
4442
4446
4448
4449
4449
4450
4452
4455
4461
4461
4462
4462
4463
4463
4465
4466
4468
4468
4469
4470
4470
4472
4472
4473
4474
4475
4478
4478
4481
4483
4484
4485
4487
4487
4494
4494
4496
4496
4497
4500
4502
4503
4503
4506
4506
4507
4508
4508
4512
4514
4515
4517
4517
4523
4524
4525
4527
4529
4529
4531
4533
4533
4534
4535
4536
4538
4539
4540
4542
4544
4544
4548
4549
4550
4551
4551
4553
4555
4555
4555
4562
4565
4566
4569
4569
4570
4571
4574
4575
4576
4577
4580
4582
4583
4583
4586
4587
4588
4589
4591
4592
4595
4598
4599
4605
4607
4608
4614
4617
4619
4620
4624
4624
4629
4629
4632
4634
4635
4635
4636
4636
4650
4650
4651
4652
4653
4653
4653
4654
4657
4658
4658
4661
4663
4665
4671
4673
4673
4674
4676
4680
4681
4681
4682
4683
4684
4685
4687
4689
4693
4697
4700
4700
4700
4702
4704
4705
4707
4710
4711
4712
4716
4718
4719
4720
4720
4721
4723
4724
4726
4728
4729
4733
4733
4734
4736
4736
4738
4739
4739
4742
4743
4745
4748
4749
4750
4751
4753
4755
4756
4756
4759
4760
4760
4764
4765
4765
4765
4766
4766
4767
4769
4769
4771
4771
4771
4774
4776
4776
4777
4778
4781
4782
4782
4787
4788
4788
4788
4789
4793
4794
4794
4795
4795
4795
4797
4801
4804
4804
4804
4805
4805
4807
4808
4808
4809
4810
4811
4812
4817
4817
4819
4826
4827
4830
4833
4835
4841
4842
4842
4843
4844
4844
4846
4846
4848
4851
4853
4856
4864
4869
4874
4875
4876
4879
4880
4882
4886
4887
4887
4889
4890
4890
4891
4896
4896
4900
4900
4901
4902
4903
4905
4906
4908
4908
4909
4910
4911
4912
4915
4915
4915
4916
4917
4922
4922
4922
4923
4929
4930
4930
4931
4938
4939
4941
4941
4941
4942
4942
4945
4945
4953
4954
4955
4965
4966
4967
4968
4969
4970
4972
4974
4978
4980
4981
4981
4983
4984
4986
4990
4991
4993
4993
4994
4995
4995
4995
4996
4999
5001
5002
5003
5006
5010
5013
5015
5016
5017
5019
5019
5020
5025
5025
5026
5026
5026
5031
5034
5035
5037
5038
5040
5043
5044
5045
5046
5050
5051
5053
5059
5060
5061
5062
5062
5066
5066
5069
5069
5071
5071
5071
5072
5074
5075
5076
5076
5077
5078
5080
5083
5083
5084
5084
5084
5087
5088
5089
5089
5091
5092
5093
5094
5095
5096
5097
5101
5102
5103
5103
5103
5104
5105
5105
5109
5109
5111
5120
5120
5120
5123
5123
5125
5126
5127
5130
5132
5137
5139
5139
5140
5140
5140
5142
5143
5143
5144
5148
5149
5149
5152
5154
5155
5157
5157
5157
5159
5161
5163
5166
5167
5170
5172
5174
5175
5177
5177
5178
5178
5179
5180
5184
5184
5186
5189
5190
5193
5194
5198
5200
5202
5206
5206
5209
5210
5212
5213
5216
5216
5217
5218
5219
5220
5226
5226
5227
5231
5233
5234
5235
5235
5239
5242
5250
5250
5257
5259
5259
5263
5264
5268
5271
5273
5273
5273
5274
5275
5276
5277
5277
5281
5282
5288
5292
5293
5294
5294
5296
5297
5302
5307
5312
5314
5315
5320
5320
5321
5322
5322
5323
5323
5324
5328
5328
5335
5337
5337
5337
5340
5345
5354
5356
5356
5356
5357
5357
5358
5359
5360
5360
5363
5365
5372
5372
5373
5374
5383
5384
5385
5389
5391
5393
5394
5397
5397
5398
5403
5407
5408
5411
5412
5420
5420
5421
5428
5428
5432
5433
5433
5434
5437
5438
5439
5441
5442
5444
5444
5450
5451
5452
5453
5454
5455
5456
5458
5460
5461
5463
5467
5468
5469
5469
5470
5473
5474
5477
5478
5480
5481
5484
5489
5492
5493
5493
5494
5494
5496
5498
5498
5499
5500
5501
5503
5503
5505
5509
5514
5516
5516
5519
5520
5525
5535
5539
5542
5544
5544
5548
5551
5553
5557
5557
5561
5561
5562
5562
5562
5564
5566
5571
5574
5576
5577
5579
5580
5583
5585
5590
5591
5591
5596
5596
5597
5598
5601
5602
5604
5604
5604
5604
5605
5607
5612
5613
5614
5617
5618
5618
5619
5621
5623
5627
5627
5629
5630
5631
5633
5634
5635
5635
5636
5637
5637
5637
5638
5638
5642
5643
5644
5646
5652
5655
5655
5655
5665
5668
5668
5669
5670
5671
5672
5677
5682
5683
5686
5687
5690
5693
5705
5707
5707
5708
5710
5711
5713
5718
5718
5718
5719
5721
5721
5721
5724
5726
5742
5743
5743
5748
5754
5757
5761
5761
5762
5763
5763
5766
5766
5766
5768
5775
5777
5779
5779
5779
5783
5783
5783
5786
5793
5794
5795
5797
5797
5802
5803
5804
5805
5816
5816
5820
5821
5821
5822
5822
5830
5837
5838
5840
5842
5842
5847
5848
5849
5850
5855
5855
5856
5859
5860
5860
5861
5868
5874
5883
5884
5886
5887
5890
5892
5892
5893
5896
5896
5897
5898
5908
5909
5910
5913
5915
5918
5919
5921
5923
5924
5929
5930
5938
5939
5941
5941
5942
5947
5950
5952
5952
5954
5954
5954
5956
5957
5959
5967
5972
5974
5976
5986
5987
5990
5994
5997
5998
5998
6001
6001
6001
6002
6003
6004
6007
6011
6012
6014
6016
6019
6019
6026
6028
6029
6031
6031
6032
6034
6038
6039
6039
6041
6042
6044
6044
6046
6048
6050
6050
6050
6053
6053
6056
6058
6061
6064
6067
6068
6070
6070
6071
6073
6074
6074
6075
6080
6080
6081
6085
6096
6098
6099
6100
6101
6102
6105
6106
6107
6108
6109
6110
6111
6115
6116
6117
6117
6118
6118
6120
6121
6122
6122
6123
6131
6131
6133
6133
6134
6137
6144
6146
6147
6149
6149
6152
6152
6162
6164
6168
6172
6174
6182
6184
6185
6185
6190
6190
6200
6201
6206
6208
6209
6210
6213
6215
6217
6220
6220
6223
6225
6225
6227
6227
6229
6229
6229
6229
6231
6241
6241
6246
6247
6249
6251
6253
6253
6253
6256
6261
6261
6263
6266
6266
6268
6273
6275
6277
6280
6281
6281
6284
6287
6288
6297
6298
6298
6299
6300
6301
6303
6304
6305
6312
6316
6316
6319
6319
6319
6320
6321
6323
6324
6326
6326
6334
6334
6335
6335
6335
6336
6337
6341
6341
6347
6347
6347
6348
6348
6348
6349
6354
6355
6359
6359
6363
6363
6363
6365
6366
6367
6367
6368
6368
6371
6372
6374
6375
6378
6379
6379
6383
6384
6391
6392
6392
6399
6399
6400
6400
6400
6401
6401
6406
6407
6407
6414
6414
6415
6419
6420
6424
6425
6425
6430
6430
6432
6433
6433
6435
6436
6436
6440
6440
6441
6441
6441
6443
6449
6450
6451
6452
6453
6453
6455
6455
6456
6459
6460
6460
6460
6461
6462
6462
6466
6466
6472
6473
6474
6475
6475
6481
6482
6484
6485
6487
6491
6494
6495
6495
6497
6508
6510
6514
6515
6516
6518
6520
6521
6523
6527
6533
6537
6538
6539
6539
6539
6541
6541
6542
6544
6546
6547
6550
6551
6555
6555
6557
6559
6562
6562
6573
6578
6580
6581
6582
6583
6585
6590
6590
6590
6591
6592
6592
6593
6595
6596
6598
6602
6603
6605
6605
6607
6609
6609
6613
6615
6616
6617
6619
6625
6627
6629
6631
6631
6632
6632
6639
6641
6642
6643
6644
6645
6647
6649
6650
6653
6654
6656
6662
6666
6668
6668
6670
6675
6677
6678
6681
6681
6683
6683
6685
6685
6688
6690
6690
6691
6693
6695
6696
6698
6702
6703
6709
6711
6711
6713
6714
6715
6717
6718
6720
6721
6726
6727
6728
6728
6731
6733
6734
6734
6735
6738
6742
6743
6745
6746
6746
6746
6747
6751
6752
6752
6753
6753
6753
6756
6761
6763
6764
6768
6770
6772
6772
6773
6774
6775
6780
6781
6783
6788
6790
6790
6791
6794
6795
6796
6800
6801
6803
6804
6805
6805
6805
6805
6813
6814
6816
6817
6817
6820
6821
6826
6827
6831
6833
6834
6835
6838
6841
6843
6844
6844
6844
6847
6848
6851
6860
6862
6864
6867
6868
6868
6869
6875
6877
6878
6884
6885
6885
6888
6889
6890
6900
6900
6900
6904
6904
6905
6905
6906
6908
6908
6910
6912
6913
6913
6913
6915
6915
6916
6918
6919
6919
6923
6924
6924
6925
6926
6927
6932
6933
6938
6938
6940
6940
6941
6942
6942
6944
6944
6945
6945
6947
6948
6949
6949
6949
6951
6953
6963
6964
6984
6984
6984
6985
6988
6988
6993
7012
7012
7012
7015
7016
7016
7017
7017
7017
7019
7032
7036
7036
7040
7042
7044
7046
7051
7053
7057
7059
7059
7062
7064
7064
7065
7065
7066
7068
7071
7071
7073
7075
7076
7078
7082
7083
7091
7094
7094
7100
7100
7101
7105
7108
7108
7109
7111
7112
7113
7116
7117
7117
7117
7118
7119
7120
7125
7127
7127
7129
7129
7131
7133
7134
7136
7139
7142
7145
7145
7150
7152
7152
7152
7158
7162
7162
7165
7165
7168
7168
7169
7170
7172
7172
7173
7173
7176
7177
7177
7180
7180
7181
7181
7183
7183
7185
7189
7190
7192
7194
7194
7196
7197
7197
7198
7198
7203
7203
7205
7206
7212
7213
7215
7217
7219
7219
7221
7221
7221
7221
7221
7225
7229
7232
7233
7233
7239
7247
7248
7249
7249
7253
7255
7257
7259
7261
7265
7266
7266
7270
7272
7273
7275
7278
7279
7279
7280
7281
7281
7282
7285
7288
7290
7296
7298
7303
7303
7306
7307
7309
7309
7310
7315
7316
7320
7322
7323
7323
7324
7324
7326
7331
7332
7335
7336
7338
7339
7340
7341
7343
7351
7358
7362
7363
7365
7370
7371
7371
7372
7378
7379
7381
7382
7383
7384
7385
7387
7389
7389
7390
7390
7393
7396
7397
7399
7400
7404
7408
7409
7410
7411
7413
7415
7415
7415
7417
7419
7420
7423
7423
7423
7426
7426
7427
7427
7428
7428
7430
7432
7434
7435
7436
7437
7440
7442
7443
7444
7447
7452
7452
7452
7455
7457
7459
7459
7459
7459
7461
7463
7468
7469
7470
7473
7476
7479
7481
7482
7484
7485
7489
7489
7491
7491
7492
7493
7496
7496
7498
7501
7503
7503
7505
7506
7507
7510
7511
7512
7517
7520
7521
7525
7526
7528
7530
7530
7532
7532
7537
7539
7541
7545
7545
7549
7549
7551
7553
7556
7563
7567
7568
7570
7570
7571
7571
7573
7580
7582
7584
7586
7587
7590
7591
7592
7592
7593
7594
7596
7599
7608
7612
7614
7614
7619
7622
7623
7623
7626
7627
7628
7630
7631
7632
7633
7634
7634
7636
7640
7641
7641
7645
7645
7650
7653
7655
7659
7662
7663
7666
7666
7668
7668
7669
7670
7672
7673
7676
7678
7678
7679
7681
7684
7684
7689
7690
7691
7692
7694
7696
7698
7699
7703
7705
7705
7706
7707
7709
7710
7714
7716
7717
7718
7718
7720
7720
7724
7724
7724
7726
7726
7727
7732
7733
7733
7733
7740
7740
7744
7747
7752
7753
7755
7757
7758
7760
7760
7762
7765
7767
7768
7768
7774
7774
7774
7778
7779
7780
7780
7783
7784
7785
7785
7786
7788
7789
7791
7791
7793
7794
7796
7798
7798
7799
7801
7801
7803
7804
7807
7809
7810
7811
7812
7814
7816
7818
7822
7823
7823
7825
7825
7830
7834
7836
7845
7846
7847
7851
7859
7862
7862
7864
7867
7870
7870
7873
7874
7877
7877
7877
7879
7881
7882
7882
7883
7884
7886
7894
7898
7901
7903
7906
7906
7909
7913
7914
7914
7915
7919
7921
7921
7924
7928
7934
7937
7938
7938
7941
7941
7944
7946
7946
7949
7949
7951
7954
7955
7957
7958
7958
7959
7961
7961
7971
7971
7975
7976
7979
7979
7980
7982
7986
7986
7990
7991
7992
7996
8002
8006
8009
8011
8013
8017
8021
8027
8029
8029
8034
8037
8038
8045
8046
8047
8047
8050
8051
8052
8055
8057
8058
8058
8060
8061
8061
8064
8065
8067
8069
8070
8070
8073
8077
8078
8085
8088
8089
8089
8096
8099
8099
8103
8106
8107
8110
8111
8117
8121
8122
8123
8127
8130
8131
8135
8136
8140
8141
8142
8142
8144
8147
8147
8147
8148
8149
8152
8153
8155
8155
8156
8158
8159
8163
8164
8167
8169
8171
8173
8174
8176
8176
8177
8177
8179
8186
8189
8189
8192
8198
8198
8202
8202
8203
8204
8207
8210
8211
8211
8217
8221
8221
8229
8234
8236
8237
8239
8247
8250
8252
8254
8256
8256
8258
8260
8260
8267
8268
8270
8284
8285
8288
8289
8292
8293
8294
8298
8299
8303
8305
8306
8307
8309
8311
8312
8312
8314
8319
8319
8319
8323
8324
8324
8325
8325
8325
8326
8329
8330
8330
8332
8333
8333
8333
8335
8336
8342
8342
8346
8347
8348
8349
8351
8354
8356
8357
8360
8365
8366
8367
8368
8369
8371
8371
8372
8373
8375
8378
8381
8384
8384
8385
8385
8387
8388
8393
8395
8398
8402
8404
8406
8407
8408
8410
8410
8412
8412
8412
8421
8422
8423
8423
8423
8427
8429
8431
8435
8435
8439
8440
8445
8445
8446
8450
8455
8459
8462
8463
8464
8466
8469
8471
8472
8472
8477
8477
8484
8485
8485
8485
8487
8488
8491
8494
8497
8497
8500
8501
8502
8504
8505
8509
8510
8514
8516
8517
8519
8522
8522
8522
8523
8531
8532
8534
8534
8534
8535
8539
8539
8542
8542
8544
8544
8546
8547
8547
8548
8554
8555
8555
8556
8556
8561
8566
8566
8567
8568
8568
8568
8569
8569
8572
8572
8574
8581
8583
8585
8588
8588
8588
8592
8594
8596
8599
8600
8601
8604
8605
8606
8607
8613
8614
8614
8615
8615
8620
8620
8621
8621
8623
8624
8629
8631
8632
8633
8633
8634
8642
8646
8647
8647
8647
8648
8649
8649
8652
8654
8654
8655
8659
8659
8660
8666
8675
8676
8678
8683
8687
8688
8689
8693
8699
8700
8701
8704
8708
8710
8713
8714
8720
8721
8721
8722
8723
8724
8724
8728
8732
8734
8734
8737
8740
8751
8758
8759
8761
8762
8762
8764
8764
8765
8767
8768
8772
8775
8776
8782
8785
8787
8788
8789
8790
8795
8798
8798
8799
8801
8804
8805
8807
8809
8811
8811
8812
8812
8817
8826
8832
8832
8834
8835
8835
8838
8842
8842
8842
8844
8848
8849
8851
8853
8854
8855
8861
8867
8871
8873
8876
8879
8881
8882
8883
8884
8887
8888
8888
8893
8896
8898
8908
8909
8911
8911
8913
8915
8922
8923
8925
8926
8927
8934
8934
8938
8938
8942
8943
8944
8945
8947
8948
8949
8950
8950
8952
8952
8953
8956
8960
8967
8968
8970
8972
8972
8976
8980
8981
8983
8984
8987
8990
8993
8994
8994
8994
8996
8996
8997
8997
9000
9001
9002
9007
9007
9008
9010
9016
9022
9023
9024
9024
9025
9026
9026
9033
9035
9038
9039
9039
9045
9051
9052
9053
9055
9057
9058
9059
9060
9062
9064
9064
9068
9072
9074
9075
9075
9075
9077
9077
9079
9082
9084
9085
9087
9091
9091
9092
9095
9110
9114
9116
9116
9121
9122
9126
9129
9134
9135
9139
9139
9143
9145
9145
9150
9150
9155
9156
9156
9156
9158
9158
9159
9160
9160
9164
9165
9167
9169
9170
9171
9171
9172
9174
9175
9176
9176
9177
9179
9180
9185
9188
9192
9193
9201
9202
9202
9204
9205
9206
9218
9221
9221
9230
9230
9236
9239
9240
9246
9251
9252
9253
9254
9258
9263
9265
9265
9266
9267
9267
9267
9269
9270
9271
9276
9276
9278
9279
9280
9282
9282
9287
9287
9287
9291
9299
9299
9302
9302
9315
9320
9320
9321
9321
9324
9325
9327
9332
9332
9337
9338
9339
9340
9342
9342
9345
9348
9351
9356
9359
9359
9363
9369
9377
9379
9380
9383
9383
9384
9387
9387
9390
9392
9394
9394
9397
9398
9399
9399
9400
9401
9408
9413
9415
9415
9417
9421
9428
9429
9429
9433
9436
9439
9440
9444
9457
9458
9460
9463
9464
9466
9466
9468
9474
9477
9482
9486
9487
9488
9496
9499
9501
9502
9509
9510
9511
9513
9513
9520
9521
9524
9525
9525
9525
9525
9530
9532
9533
9535
9536
9539
9541
9544
9544
9546
9546
9555
9555
9564
9564
9567
9572
9573
9575
9576
9579
9582
9583
9583
9587
9597
9598
9598
9598
9600
9603
9609
9609
9609
9610
9617
9618
9626
9627
9628
9636
9638
9646
9647
9651
9652
9653
9655
9660
9661
9662
9665
9667
9670
9671
9672
9676
9676
9676
9680
9684
9685
9685
9686
9687
9690
9694
9694
9694
9698
9703
9703
9706
9706
9709
9709
9710
9711
9713
9714
9716
9716
9716
9717
9720
9720
9730
9731
9732
9732
9733
9741
9743
9746
9749
9752
9756
9757
9763
9764
9768
9768
9768
9769
9771
9772
9772
9776
9778
9782
9786
9787
9790
9790
9794
9799
9801
9803
9806
9806
9807
9809
9810
9815
9816
9818
9819
9825
9825
9827
9827
9828
9828
9831
9832
9834
9836
9836
9837
9840
9840
9849
9852
9853
9854
9855
9859
9859
9860
9860
9860
9861
9862
9863
9868
9874
9875
9876
9877
9880
9881
9882
9883
9883
9890
9890
9893
9902
9907
9907
9912
9912
9913
9917
9917
9918
9921
9924
9928
9929
9930
9930
9933
9933
9937
9938
9939
9940
9943
9945
9946
9947
9947
9950
9952
9955
9959
9963
9964
9967
9970
9975
9980
9983
9985
9988
9990
9993
9993
9995
9996
10000
10002
10002
10006
10007
10009
10014
10015
10022
10022
10025
10027
10028
10028
10031
10036
10037
10038
10040
10041
10042
10044
10045
10050
10053
10053
10055
10057
10057
10060
10061
10064
10065
10067
10069
10079
10080
10080
10084
10084
10086
10090
10093
10094
10094
10095
10099
10100
10104
10108
10108
10108
10111
10112
10113
10119
10120
10122
10131
10131
10134
10135
10137
10138
10142
10145
10145
10147
10148
10148
10149
10151
10151
10151
10153
10155
10155
10158
10162
10166
10170
10172
10174
10175
10176
10183
10186
10196
10196
10199
10200
10201
10202
10206
10209
10215
10216
10221
10225
10227
10228
10237
10243
10245
10246
10252
10261
10263
10267
10270
10271
10274
10274
10275
10276
10277
10278
10279
10280
10285
10285
10286
10290
10291
10293
10293
10296
10297
10302
10304
10309
10311
10314
10315
10316
10316
10320
10321
10323
10325
10327
10331
10334
10339
10341
10342
10345
10346
10348
10350
10353
10357
10358
10362
10363
10368
10369
10371
10372
10374
10375
10379
10380
10383
10383
10386
10390
10391
10394
10395
10396
10402
10412
10414
10414
10415
10415
10416
10416
10418
10420
10421
10422
10422
10423
10425
10427
10430
10431
10432
10436
10441
10443
10447
10447
10449
10449
10452
10457
10457
10457
10461
10462
10464
10467
10468
10469
10469
10469
10477
10481
10482
10487
10487
10491
10495
10495
10509
10512
10514
10523
10528
10529
10530
10531
10535
10536
10537
10544
10544
10547
10548
10554
10556
10557
10560
10560
10563
10569
10570
10570
10575
10575
10576
10578
10582
10584
10584
10591
10594
10597
10599
10600
10605
10607
10608
10610
10614
10616
10621
10624
10624
10624
10633
10636
10637
10644
10647
10649
10650
10651
10651
10653
10659
10661
10663
10668
10672
10675
10676
10676
10679
10679
10680
10682
10682
10685
10686
10691
10691
10692
10692
10697
10699
10705
10707
10708
10709
10709
10710
10711
10713
10713
10718
10719
10719
10738
10740
10740
10740
10742
10743
10746
10750
10753
10754
10754
10757
10758
10759
10760
10764
10768
10772
10773
10779
10783
10786
10791
10792
10793
10795
10798
10798
10801
10803
10805
10809
10811
10820
10821
10821
10822
10823
10823
10826
10833
10837
10837
10838
10840
10842
10843
10845
10848
10848
10849
10852
10853
10856
10859
10862
10865
10866
10869
10871
10872
10875
10876
10879
10885
10887
10888
10891
10896
10899
10904
10904
10906
10909
10909
10911
10913
10914
10915
10916
10923
10924
10927
10932
10933
10934
10938
10938
10938
10939
10943
10957
10959
10961
10961
10961
10962
10963
10967
10968
10968
10970
10973
10976
10981
10981
10983
10986
10986
10988
10989
10989
11007
11013
11014
11015
11016
11017
11018
11018
11018
11019
11020
11022
11023
11024
11025
11026
11029
11030
11030
11030
11031
11035
11040
11044
11044
11050
11054
11058
11059
11062
11062
11064
11066
11070
11070
11074
11075
11077
11078
11078
11081
11086
11086
11097
11098
11100
11106
11107
11108
11109
11110
11112
11113
11113
11119
11122
11125
11126
11133
11134
11137
11139
11139
11142
11142
11151
11152
11154
11154
11156
11157
11165
11166
11168
11168
11168
11170
11171
11172
11177
11179
11179
11183
11185
11190
11196
11197
11198
11200
11205
11206
11211
11212
11213
11216
11227
11228
11229
11230
11235
11235
11235
11236
11239
11240
11242
11245
11250
11251
11252
11255
11263
11265
11272
11283
11283
11287
11288
11294
11294
11294
11297
11297
11298
11299
11303
11305
11307
11307
11315
11319
11320
11320
11321
11323
11323
11325
11327
11330
11332
11336
11345
11349
11351
11354
11357
11364
11366
11367
11367
11373
11380
11383
11384
11387
11390
11392
11393
11395
11397
11399
11400
11404
11404
11417
11419
11419
11420
11420
11421
11427
11432
11437
11438
11439
11439
11443
11449
11450
11452
11453
11460
11462
11462
11465
11469
11470
11470
11471
11483
11485
11486
11487
11490
11493
11494
11494
11499
11502
11504
11505
11507
11524
11525
11527
11531
11532
11532
11533
11536
11536
11537
11540
11543
11546
11548
11550
11552
11554
11556
11559
11560
11560
11562
11566
11570
11572
11572
11573
11574
11575
11575
11581
11584
11586
11586
11596
11598
11602
11607
11608
11609
11614
11623
11623
11628
11628
11630
11632
11633
11633
11635
11635
11636
11636
11637
11644
11645
11656
11661
11661
11661
11664
11670
11671
11672
11673
11674
11679
11681
11684
11690
11690
11692
11692
11694
11695
11696
11698
11700
11701
11702
11707
11708
11713
11714
11719
11720
11720
11724
11726
11727
11728
11729
11732
11736
11737
11740
11741
11742
11747
11748
11755
11756
11756
11759
11760
11762
11762
11765
11765
11766
11768
11768
11770
11770
11770
11773
11775
11780
11782
11788
11790
11793
11796
11798
11805
11809
11811
11812
11814
11814
11817
11820
11821
11822
11822
11827
11830
11834
11835
11836
11837
11838
11838
11840
11843
11843
11850
11853
11859
11859
11862
11863
11864
11869
11870
11872
11875
11876
11877
11880
11880
11881
11882
11883
11886
11888
11888
11889
11891
11892
11893
11894
11899
11905
11906
11908
11909
11913
11917
11917
11921
11922
11924
11926
11926
11927
11931
11931
11936
11940
11947
11950
11951
11952
11955
11960
11961
11962
11964
11966
11967
11975
11975
11976
11976
11984
11992
11993
11994
11994
11998
11999
12003
12017
12019
12021
12023
12023
12025
12026
12027
12027
12028
12034
12034
12034
12037
12039
12054
12067
12068
12084
12085
12087
12088
12093
12093
12094
12094
12102
12104
12105
12110
12113
12113
12117
12124
12126
12132
12135
12135
12146
12156
12158
12159
12162
12162
12166
12168
12169
12171
12179
12180
12186
12188
12191
12191
12199
12199
12201
12202
12204
12205
12221
12222
12227
12229
12230
12232
12233
12234
12236
12239
12243
12250
12252
12262
12268
12275
12279
12282
12283
12284
12285
12289
12290
12290
12299
12302
12305
12306
12306
12308
12308
12328
12329
12332
12332
12332
12332
12335
12336
12340
12341
12347
12348
12349
12349
12355
12355
12357
12360
12367
12368
12368
12369
12377
12379
12380
12380
12382
12383
12383
12387
12391
12391
12393
12394
12395
12395
12399
12401
12401
12409
12410
12412
12413
12414
12417
12418
12424
12425
12429
12429
12433
12438
12443
12444
12446
12446
12447
12451
12458
12460
12460
12461
12466
12470
12475
12479
12483
12483
12484
12486
12487
12491
12493
12498
12506
12507
12507
12511
12516
12516
12521
12523
12526
12528
12529
12529
12529
12533
12537
12540
12542
12548
12550
12555
12565
12567
12571
12574
12576
12578
12588
12591
12591
12593
12595
12595
12597
12599
12605
12607
12615
12615
12623
12627
12628
12639
12643
12643
12646
12646
12647
12650
12653
12663
12663
12664
12677
12678
12679
12684
12684
12694
12705
12706
12706
12707
12707
12709
12713
12716
12717
12719
12722
12725
12728
12730
12733
12738
12738
12738
12741
12743
12746
12750
12752
12755
12760
12761
12770
12781
12782
12795
12797
12800
12802
12805
12807
12808
12809
12810
12813
12817
12824
12825
12834
12835
12842
12851
12859
12861
12861
12866
12867
12868
12877
12882
12886
12901
12901
12910
12912
12913
12916
12922
12922
12922
12924
12930
12930
12937
12937
12943
12946
12947
12952
12965
12966
12968
12971
12972
12976
12976
12978
12984
12985
12990
12993
12997
13001
13003
13007
13011
13012
13023
13027
13030
13033
13034
13041
13042
13049
13050
13051
13056
13060
13063
13063
13065
13076
13079
13082
13085
13088
13088
13089
13094
13097
13098
13099
13101
13103
13103
13114
13117
13128
13131
13137
13137
13147
13147
13149
13156
13159
13165
13168
13168
13169
13172
13177
13182
13183
13185
13186
13187
13188
13188
13188
13190
13193
13198
13199
13199
13208
13214
13216
13220
13222
13226
13230
13234
13234
13236
13237
13237
13239
13241
13242
13242
13244
13244
13250
13254
13259
13265
13268
13269
13270
13276
13277
13278
13278
13285
13290
13300
13302
13302
13321
13327
13328
13328
13329
13331
13336
13338
13338
13339
13344
13345
13345
13348
13348
13352
13367
13371
13372
13385
13391
13399
13400
13402
13402
13405
13407
13407
13416
13417
13419
13422
13433
13436
13443
13446
13446
13450
13454
13455
13456
13461
13461
13466
13475
13479
13480
13480
13481
13491
13494
13500
13503
13504
13506
13506
13510
13520
13532
13532
13534
13538
13540
13546
13553
13557
13563
13568
13571
13574
13575
13576
13580
13586
13589
13590
13592
13597
13598
13600
13602
13609
13611
13621
13624
13626
13633
13634
13635
13642
13642
13645
13645
13648
13651
13652
13654
13660
13661
13666
13666
13668
13671
13673
13675
13676
13678
13680
13681
13690
13690
13693
13697
13700
13701
13702
13706
13708
13709
13710
13718
13723
13724
13729
13733
13733
13734
13740
13740
13744
13744
13745
13746
13747
13747
13748
13749
13753
13753
13755
13755
13756
13757
13758
13775
13776
13776
13778
13784
13784
13789
13791
13794
13795
13795
13796
13796
13801
13809
13812
13813
13818
13818
13823
13824
13825
13828
13833
13835
13838
13840
13846
13848
13855
13855
13861
13864
13864
13865
13874
13875
13901
13903
13904
13905
13908
13909
13912
13915
13917
13922
13924
13928
13931
13934
13943
13945
13953
13953
13954
13955
13965
13967
13967
13969
13969
13970
13971
13975
13985
13988
13992
13995
14000
14014
14017
14018
14020
14025
14027
14035
14035
14036
14036
14041
14041
14047
14047
14050
14055
14056
14057
14059
14061
14064
14065
14069
14070
14071
14073
14074
14078
14079
14081
14081
14083
14086
14087
14090
14092
14098
14099
14099
14101
14103
14104
14111
14121
14121
14122
14124
14124
14128
14133
14133
14136
14137
14138
14140
14141
14142
14147
14147
14148
14148
14148
14152
14153
14155
14158
14169
14173
14177
14181
14183
14185
14187
14189
14190
14193
14197
14204
14205
14206
14207
14212
14213
14214
14215
14218
14223
14226
14228
14230
14232
14234
14235
14236
14251
14253
14254
14256
14257
14261
14262
14265
14270
14271
14277
14282
14284
14285
14290
14294
14299
14306
14311
14312
14312
14313
14317
14318
14323
14330
14333
14336
14341
14342
14343
14346
14346
14346
14354
14356
14360
14361
14363
14375
14381
14396
14405
14420
14421
14422
14428
14434
14441
14446
14448
14452
14460
14463
14469
14480
14482
14484
14486
14491
14494
14496
14497
14497
14498
14501
14504
14508
14510
14511
14513
14514
14517
14520
14521
14523
14524
14532
14533
14542
14544
14546
14550
14563
14565
14566
14567
14570
14573
14575
14577
14583
14587
14591
14591
14591
14599
14602
14603
14607
14613
14616
14624
14624
14627
14629
14630
14631
14631
14633
14636
14641
14641
14641
14644
14645
14653
14659
14660
14666
14671
14672
14683
14688
14691
14693
14693
14693
14695
14704
14708
14708
14709
14711
14712
14712
14716
14724
14729
14734
14746
14748
14753
14757
14759
14763
14768
14769
14774
14776
14778
14785
14795
14799
14804
14808
14809
14813
14817
14822
14826
14832
14837
14842
14844
14844
14846
14856
14859
14863
14863
14866
14866
14867
14867
14873
14874
14881
14889
14897
14906
14909
14911
14914
14917
14920
14922
14925
14929
14931
14931
14933
14939
14943
14944
14956
14958
14964
14966
14968
14973
14977
14989
14991
14992
14992
15001
15006
15006
15011
15014
15014
15015
15019
15024
15028
15030
15034
15037
15042
15043
15046
15052
15056
15057
15059
15061
15064
15068
15075
15077
15078
15078
15079
15082
15085
15086
15087
15088
15090
15090
15093
15096
15104
15109
15117
15118
15118
15122
15125
15128
15130
15134
15136
15136
15143
15151
15166
15166
15170
15174
15177
15185
15185
15186
15186
15190
15191
15194
15195
15195
15197
15200
15205
15209
15209
15213
15218
15222
15227
15227
15233
15242
15242
15245
15247
15248
15248
15249
15250
15252
15252
15253
15254
15255
15256
15257
15259
15259
15267
15270
15277
15277
15280
15285
15285
15287
15291
15297
15298
15302
15302
15303
15303
15304
15309
15317
15319
15327
15327
15329
15330
15333
15334
15344
15347
15352
15354
15355
15359
15361
15377
15381
15384
15394
15400
15403
15404
15405
15405
15406
15411
15421
15422
15427
15432
15433
15439
15440
15442
15443
15443
15445
15451
15464
15466
15468
15475
15478
15479
15483
15487
15493
15494
15497
15505
15507
15507
15509
15512
15514
15519
15529
15540
15551
15552
15560
15566
15568
15568
15575
15577
15579
15584
15593
15595
15596
15596
15596
15598
15602
15604
15607
15608
15609
15612
15616
15619
15622
15626
15628
15629
15634
15635
15643
15645
15653
15661
15663
15664
15685
15686
15687
15693
15695
15705
15716
15724
15724
15727
15733
15739
15742
15772
15773
15776
15779
15793
15793
15794
15801
15807
15807
15815
15816
15818
15822
15822
15824
15831
15832
15833
15837
15842
15845
15846
15848
15850
15851
15856
15858
15860
15862
15867
15873
15873
15875
15877
15878
15881
15884
15887
15889
15893
15895
15902
15906
15910
15913
15913
15914
15920
15921
15936
15939
15947
15959
15965
15967
15967
15968
15968
15969
15971
15973
15978
15981
15990
15995
15995
16009
16012
16014
16020
16021
16026
16029
16031
16040
16042
16042
16043
16050
16061
16065
16067
16070
16078
16082
16086
16087
16089
16090
16101
16104
16106
16113
16116
16120
16121
16122
16125
16127
16127
16131
16134
16135
16135
16142
16153
16160
16163
16168
16170
16170
16173
16188
16191
16198
16205
16207
16212
16221
16222
16222
16225
16227
16235
16240
16250
16253
16260
16261
16263
16264
16264
16284
16291
16293
16303
16303
16305
16306
16308
16314
16319
16325
16328
16329
16331
16336
16340
16351
16354
16361
16363
16364
16368
16376
16377
16382
16391
16392
16395
16398
16400
16402
16406
16407
16413
16426
16429
16431
16434
16444
16444
16452
16462
16463
16466
16467
16468
16470
16477
16487
16488
16501
16508
16514
16517
16524
16525
16525
16525
16530
16546
16547
16547
16549
16556
16559
16568
16572
16573
16573
16575
16576
16576
16588
16589
16590
16598
16600
16605
16621
16622
16622
16623
16628
16629
16633
16635
16638
16638
16641
16642
16652
16656
16659
16659
16663
16664
16666
16669
16669
16669
16673
16677
16680
16682
16695
16699
16703
16710
16710
16713
16718
16719
16720
16721
16723
16726
16733
16740
16753
16761
16761
16763
16768
16771
16782
16783
16788
16789
16789
16793
16794
16801
16801
16809
16820
16821
16823
16826
16827
16835
16857
16867
16869
16874
16880
16880
16881
16883
16887
16895
16900
16903
16904
16915
16919
16922
16927
16929
16930
16932
16933
16936
16941
16948
16966
16967
16970
16975
16981
16983
16989
16991
16996
16998
17000
17007
17010
17020
17026
17028
17031
17036
17062
17077
17087
17092
17094
17106
17108
17125
17128
17134
17139
17145
17151
17156
17158
17159
17162
17164
17164
17165
17170
17170
17177
17184
17185
17186
17189
17191
17195
17199
17204
17206
17207
17217
17218
17222
17224
17225
17229
17231
17239
17242
17245
17246
17250
17254
17255
17257
17259
17264
17264
17265
17266
17279
17279
17280
17288
17292
17298
17302
17309
17312
17313
17314
17323
17324
17341
17342
17344
17350
17350
17351
17353
17355
17357
17361
17361
17362
17366
17366
17370
17375
17376
17378
17380
17383
17383
17385
17395
17396
17401
17402
17411
17413
17421
17421
17426
17428
17429
17430
17432
17432
17433
17435
17436
17442
17443
17444
17446
17446
17453
17463
17474
17476
17478
17493
17499
17505
17508
17509
17510
17512
17516
17516
17531
17535
17536
17536
17545
17550
17553
17554
17555
17559
17563
17564
17567
17582
17585
17586
17593
17597
17604
17605
17607
17609
17614
17615
17618
17622
17622
17623
17627
17628
17629
17629
17630
17630
17642
17643
17650
17652
17654
17656
17658
17659
17663
17664
17666
17667
17668
17668
17672
17673
17690
17690
17693
17694
17701
17702
17703
17713
17715
17715
17717
17717
17729
17737
17741
17746
17747
17748
17751
17753
17754
17757
17757
17762
17768
17769
17775
17782
17784
17786
17789
17790
17795
17806
17821
17823
17825
17827
17829
17829
17835
17840
17841
17842
17849
17851
17855
17855
17858
17867
17867
17877
17888
17892
17894
17897
17918
17918
17921
17922
17926
17926
17927
17931
17931
17932
17932
17933
17933
17935
17936
17940
17944
17947
17950
17953
17954
17959
17961
17968
17973
17974
17976
17979
17982
17985
17991
17996
18009
18012
18012
18012
18014
18028
18032
18041
18046
18047
18054
18058
18060
18062
18064
18065
18068
18072
18074
18077
18082
18086
18086
18095
18097
18101
18101
18106
18107
18108
18111
18116
18129
18132
18140
18143
18148
18148
18150
18150
18160
18163
18165
18165
18169
18172
18181
18187
18188
18189
18192
18193
18198
18199
18205
18207
18223
18223
18225
18229
18232
18234
18236
18241
18241
18248
18255
18263
18274
18299
18306
18313
18325
18325
18326
18334
18340
18348
18356
18361
18365
18370
18384
18388
18389
18394
18400
18401
18415
18417
18431
18435
18442
18443
18450
18450
18451
18452
18455
18470
18473
18474
18475
18479
18479
18484
18484
18490
18502
18512
18513
18514
18518
18520
18523
18524
18525
18526
18526
18527
18532
18542
18545
18548
18552
18559
18576
18577
18587
18598
18600
18603
18603
18624
18626
18635
18640
18642
18644
18644
18648
18651
18657
18675
18682
18690
18697
18705
18708
18709
18709
18710
18716
18722
18725
18726
18727
18732
18738
18739
18740
18753
18754
18759
18760
18767
18767
18783
18784
18794
18796
18799
18799
18811
18816
18818
18819
18819
18836
18862
18862
18871
18882
18882
18888
18891
18894
18895
18898
18899
18899
18904
18905
18908
18908
18910
18921
18922
18925
18929
18933
18938
18940
18946
18949
18956
18963
18966
18971
18973
18977
18980
18981
18984
18986
18993
19001
19001
19002
19005
19009
19014
19015
19016
19018
19031
19053
19054
19058
19059
19060
19071
19079
19089
19091
19099
19099
19102
19104
19110
19114
19125
19125
19133
19136
19141
19144
19145
19154
19154
19155
19159
19163
19172
19182
19184
19196
19199
19201
19203
19208
19209
19211
19211
19216
19220
19222
19228
19230
19235
19240
19254
19255
19259
19260
19267
19268
19269
19273
19276
19279
19284
19288
19295
19297
19299
19302
19302
19302
19308
19315
19317
19320
19320
19334
19336
19337
19354
19355
19359
19369
19370
19377
19379
19388
19392
19392
19394
19397
19405
19407
19426
19438
19442
19447
19452
19456
19468
19473
19478
19483
19502
19502
19505
19507
19514
19514
19518
19520
19523
19523
19530
19531
19535
19539
19545
19554
19555
19556
19557
19563
19563
19564
19567
19567
19568
19569
19571
19582
19583
19586
19609
19613
19616
19620
19621
19626
19627
19633
19634
19637
19640
19648
19652
19653
19657
19663
19665
19674
19677
19682
19683
19685
19688
19691
19697
19698
19701
19702
19706
19707
19710
19718
19718
19728
19729
19730
19732
19737
19747
19761
19762
19765
19777
19778
19785
19787
19796
19798
19802
19804
19805
19808
19809
19811
19811
19827
19830
19833
19839
19840
19859
19866
19871
19872
19876
19885
19885
19886
19886
19887
19911
19916
19920
19947
19947
19956
19963
19966
19968
19969
19975
19977
19978
19981
19984
19990
19992
19997
19999
20016
20043
20050
20062
20069
20070
20081
20085
20095
20098
20109
20124
20132
20138
20149
20151
20156
20161
20165
20177
20179
20179
20184
20186
20187
20188
20192
20199
20200
20201
20201
20203
20214
20216
20219
20221
20224
20226
20230
20232
20232
20233
20234
20241
20242
20247
20251
20264
20270
20270
20281
20290
20292
20298
20303
20304
20312
20321
20323
20326
20330
20337
20344
20352
20354
20360
20368
20378
20378
20378
20378
20382
20389
20393
20405
20410
20416
20416
20430
20433
20448
20450
20454
20462
20467
20470
20476
20490
20492
20497
20501
20502
20518
20519
20520
20521
20531
20533
20541
20542
20543
20545
20549
20555
20565
20588
20588
20606
20608
20611
20617
20625
20629
20631
20643
20644
20653
20664
20664
20670
20671
20672
20674
20681
20690
20695
20701
20706
20711
20721
20725
20727
20736
20739
20742
20750
20751
20756
20764
20768
20783
20787
20800
20802
20820
20853
20857
20863
20867
20878
20880
20885
20893
20896
20898
20905
20906
20907
20910
20914
20926
20929
20932
20941
20944
20946
20952
20954
20962
20967
20968
20978
20983
21008
21010
21011
21015
21022
21027
21031
21038
21041
21043
21044
21057
21070
21080
21082
21083
21087
21103
21106
21107
21111
21122
21133
21147
21157
21159
21174
21175
21182
21198
21200
21207
21217
21223
21224
21233
21234
21238
21264
21282
21287
21290
21293
21303
21303
21316
21319
21319
21328
21333
21347
21374
21399
21405
21408
21427
21439
21454
21459
21460
21462
21464
21476
21485
21487
21490
21494
21499
21511
21516
21536
21537
21545
21551
21562
21570
21582
21583
21614
21624
21625
21629
21653
21655
21660
21680
21682
21684
21686
21690
21698
21699
21707
21719
21724
21734
21740
21753
21758
21759
21773
21794
21803
21806
21818
21828
21829
21833
21839
21843
21859
21867
21868
21878
21879
21890
21898
21904
21904
21912
21934
21965
21968
21980
21982
21989
21993
21998
21999
22005
22005
22042
22056
22056
22081
22084
22089
22097
22104
22134
22135
22141
22155
22172
22183
22185
22197
22199
22205
22208
22214
22219
22219
22220
22227
22238
22240
22247
22254
22262
22281
22287
22295
22311
22319
22320
22328
22334
22342
22343
22350
22367
22374
22377
22390
22390
22415
22418
22426
22428
22443
22446
22463
22473
22474
22478
22520
22528
22529
22537
22548
22557
22566
22602
22620
22623
22627
22640
22644
22649
22652
22680
22680
22682
22690
22711
22727
22750
22763
22813
22816
22818
22848
22851
22857
22866
22898
22904
22906
22916
22931
22942
22948
22955
22959
22967
23014
23034
23060
23062
23066
23084
23119
23140
23142
23154
23160
23169
23185
23210
23212
23215
23233
23260
23274
23275
23314
23334
23345
23358
23358
23401
23409
23430
23439
23444
23448
23456
23470
23495
23517
23525
23531
23541
23542
23556
23560
23586
23606
23635
23727
23763
23810
23811
23834
23854
23854
23870
23878
23882
23889
23892
23920
23921
23927
23929
23966
23968
23973
23991
23991
24003
24005
24023
24035
24060
24067
24068
24072
24097
24119
24137
24142
24174
24239
24268
24284
24291
24296
24319
24325
24359
24386
24419
24420
24442
24452
24460
24473
24475
24481
24515
24515
24530
24584
24594
24609
24636
24675
24691
24743
24760
24777
24834
24837
24879
24883
24932
24945
24978
24980
24981
24986
24995
25003
25005
25040
25045
25056
25060
25066
25078
25088
25091
25091
25132
25138
25144
25168
25185
25203
25218
25229
25232
25246
25367
25374
25429
25450
25497
25555
25559
25579
25589
25623
25681
25710
25710
25734
25787
25790
25801
25809
25822
25840
25856
25877
25887
25909
25933
25942
25958
25959
26027
26043
26055
26076
26102
26111
26113
26138
26178
26222
26224
26248
26267
26267
26302
26314
26330
26360
26376
26434
26516
26581
26611
26613
26704
26714
26731
26737
26781
26831
26853
26933
26945
26952
27005
27037
27048
27083
27094
27148
27246
27279
27285
27299
27360
27387
27412
27485
27509
27524
27630
27698
27701
27729
27859
28069
28112
28158
28230
28230
28252
28319
28330
28344
28349
28358
28431
28459
28464
28590
28775
28777
28903
28928
29079
29087
29089
29104
29251
29417
29617
29650
29657
29741
29766
29805
29816
30129
30222
30281
30298
30312
30505
30600
30632
30692
30734
30890
31144
31278
31283
31497
31622
31783
31817
31982
31982
31984
32063
32240
32324
32392
32589
32678
32843
32975
33332
33738
33948
33965
34129
34317
34356
34370
34385
34928
34970
34977
35072
35222
35319
35794
36068
36317
36349
36575
36636
36783
38500
39208
39268
39623
39751
39864
40196
