1000
1004
1005
1006
1006
1007
1007
1008
1009
1010
1014
1015
1015
1016
1017
1018
1018
1018
1019
1019
1022
1022
1022
1023
1024
1025
1026
1028
1029
1029
1033
1034
1036
1036
1037
1039
1040
1040
1045
1046
1046
1047
1047
1047
1048
1049
1049
1051
1055
1057
1058
1058
1058
1064
1064
1064
1065
1067
1068
1068
1070
1071
1071
1071
1071
1072
1073
1076
1076
1076
1076
1077
1077
1078
1080
1081
1082
1084
1084
1084
1084
1085
1086
1087
1088
1088
1088
1090
1092
1092
1094
1095
1095
1095
1095
1097
1098
1099
1101
1101
1102
1102
1102
1103
1103
1103
1104
1105
1106
1107
1110
1111
1113
1113
1115
1115
1116
1119
1120
1121
1121
1121
1122
1123
1124
1124
1125
1125
1127
1128
1131
1132
1132
1132
1134
1135
1136
1136
1137
1140
1142
1144
1144
1144
1145
1145
1146
1147
1147
1149
1151
1152
1153
1153
1154
1154
1154
1155
1157
1157
1157
1158
1158
1159
1160
1160
1161
1161
1161
1162
1163
1163
1164
1165
1166
1168
1168
1168
1170
1171
1171
1172
1172
1176
1176
1177
1177
1178
1179
1179
1181
1181
1182
1182
1183
1183
1183
1183
1184
1184
1184
1185
1187
1187
1187
1188
1189
1190
1191
1192
1193
1193
1194
1194
1194
1194
1196
1197
1197
1198
1200
1200
1200
1201
1201
1202
1204
1204
1208
1208
1208
1208
1208
1210
1210
1211
1212
1213
1213
1213
1214
1214
1215
1215
1216
1217
1217
1217
1218
1219
1220
1220
1220
1223
1223
1223
1225
1225
1225
1226
1229
1229
1230
1232
1235
1236
1236
1236
1236
1236
1237
1237
1238
1238
1239
1239
1241
1241
1243
1243
1244
1244
1244
1244
1247
1247
1248
1250
1250
1250
1250
1251
1254
1254
1254
1257
1258
1260
1261
1263
1263
1264
1264
1266
1267
1267
1269
1269
1270
1272
1275
1276
1277
1280
1282
1283
1283
1284
1284
1286
1287
1290
1291
1292
1293
1293
1294
1296
1296
1297
1298
1299
1300
1300
1300
1302
1303
1303
1303
1305
1306
1306
1310
1310
1312
1312
1313
1314
1316
1317
1317
1317
1319
1319
1321
1323
1325
1325
1326
1327
1327
1327
1327
1328
1328
1328
1329
1333
1333
1334
1335
1335
1336
1337
1339
1339
1340
1341
1341
1341
1343
1344
1346
1347
1347
1348
1349
1349
1350
1350
1351
1351
1352
1353
1354
1355
1355
1356
1357
1360
1361
1362
1365
1365
1367
1367
1368
1368
1369
1369
1369
1371
1372
1376
1377
1377
1378
1378
1378
1379
1380
1380
1381
1382
1386
1387
1388
1388
1391
1391
1392
1392
1393
1393
1393
1393
1395
1395
1395
1396
1396
1400
1400
1401
1401
1403
1403
1406
1406
1407
1407
1409
1409
1410
1411
1412
1413
1416
1416
1416
1417
1417
1419
1422
1422
1424
1424
1426
1426
1426
1426
1428
1428
1429
1430
1431
1432
1434
1435
1435
1436
1437
1439
1440
1440
1441
1442
1443
1443
1445
1446
1446
1447
1448
1448
1449
1450
1451
1451
1452
1453
1453
1455
1455
1456
1456
1457
1458
1458
1459
1459
1462
1462
1462
1463
1464
1465
1465
1469
1469
1469
1471
1472
1474
1474
1474
1476
1476
1477
1477
1477
1478
1478
1478
1479
1479
1481
1482
1482
1483
1483
1484
1485
1486
1487
1488
1488
1488
1488
1489
1492
1492
1492
1492
1494
1495
1497
1497
1497
1498
1498
1498
1499
1501
1501
1501
1503
1504
1505
1506
1506
1506
1507
1508
1509
1510
1510
1512
1516
1517
1517
1517
1517
1519
1520
1520
1521
1523
1524
1526
1527
1528
1529
1529
1530
1530
1531
1532
1533
1533
1535
1536
1536
1538
1538
1539
1540
1542
1543
1543
1544
1545
1545
1545
1545
1545
1546
1546
1547
1547
1549
1550
1551
1551
1551
1552
1553
1554
1555
1556
1556
1557
1559
1560
1560
1560
1561
1561
1561
1562
1564
1565
1567
1567
1568
1569
1573
1573
1573
1574
1576
1576
1577
1577
1580
1581
1582
1583
1584
1585
1586
1588
1588
1589
1589
1591
1591
1591
1593
1593
1593
1596
1596
1597
1600
1601
1602
1602
1604
1604
1607
1607
1608
1609
1610
1610
1611
1612
1614
1614
1618
1618
1619
1621
1621
1623
1625
1626
1627
1627
1628
1629
1629
1631
1632
1632
1635
1635
1639
1640
1642
1642
1643
1643
1646
1646
1647
1650
1653
1653
1653
1654
1654
1655
1656
1657
1658
1660
1661
1661
1661
1661
1661
1663
1663
1663
1665
1666
1666
1666
1667
1667
1668
1668
1670
1671
1673
1673
1675
1675
1676
1676
1678
1678
1679
1681
1681
1683
1683
1684
1684
1685
1686
1686
1686
1687
1687
1688
1689
1691
1692
1693
1695
1696
1697
1697
1697
1698
1700
1701
1702
1704
1709
1709
1709
1711
1711
1711
1712
1714
1715
1716
1717
1717
1717
1718
1718
1718
1719
1720
1720
1720
1722
1724
1725
1726
1726
1726
1729
1730
1730
1730
1731
1733
1733
1733
1735
1736
1737
1737
1738
1738
1740
1741
1744
1744
1744
1744
1746
1747
1747
1748
1750
1750
1751
1751
1753
1755
1756
1757
1758
1759
1761
1762
1763
1763
1764
1766
1767
1767
1770
1772
1773
1777
1777
1778
1779
1779
1780
1780
1782
1782
1782
1782
1783
1783
1784
1784
1786
1786
1787
1788
1788
1790
1790
1794
1797
1798
1799
1800
1802
1802
1802
1804
1805
1806
1807
1809
1811
1813
1813
1815
1815
1817
1817
1817
1818
1819
1820
1820
1820
1820
1821
1822
1824
1824
1824
1825
1826
1827
1828
1828
1829
1829
1830
1832
1834
1835
1837
1837
1837
1838
1838
1839
1841
1842
1842
1843
1843
1844
1845
1846
1846
1849
1849
1850
1851
1852
1852
1855
1858
1858
1859
1862
1864
1864
1866
1867
1869
1870
1872
1873
1875
1877
1879
1879
1881
1881
1881
1882
1884
1885
1886
1888
1889
1889
1891
1892
1894
1894
1896
1897
1897
1899
1899
1900
1901
1902
1903
1907
1908
1913
1914
1916
1919
1919
1919
1923
1924
1924
1924
1925
1925
1925
1926
1926
1926
1928
1929
1929
1929
1930
1931
1933
1933
1934
1934
1935
1935
1936
1936
1937
1941
1941
1941
1941
1942
1946
1947
1949
1949
1950
1951
1952
1952
1952
1953
1954
1955
1955
1956
1956
1958
1958
1960
1961
1961
1962
1962
1963
1966
1966
1969
1969
1970
1971
1971
1972
1973
1975
1976
1976
1977
1978
1978
1980
1981
1981
1981
1982
1982
1982
1983
1984
1985
1986
1986
1987
1988
1989
1989
1991
1992
1992
1993
1993
1995
1995
1996
1997
2001
2001
2002
2002
2003
2003
2004
2007
2007
2007
2011
2011
2012
2012
2014
2014
2014
2014
2014
2015
2016
2017
2018
2018
2019
2020
2022
2022
2025
2025
2026
2027
2027
2028
2029
2030
2030
2030
2031
2034
2035
2037
2037
2037
2038
2038
2038
2038
2039
2039
2043
2044
2045
2048
2049
2050
2051
2054
2055
2055
2055
2056
2057
2058
2061
2063
2063
2065
2067
2067
2067
2068
2069
2071
2073
2075
2078
2078
2081
2083
2084
2084
2085
2085
2086
2086
2089
2089
2091
2091
2093
2093
2096
2097
2097
2098
2098
2098
2099
2099
2099
2099
2099
2099
2100
2102
2102
2102
2103
2104
2105
2106
2107
2108
2108
2109
2109
2109
2109
2110
2111
2111
2111
2111
2115
2115
2116
2117
2119
2120
2121
2121
2122
2123
2124
2124
2124
2124
2126
2127
2130
2131
2132
2133
2135
2135
2137
2137
2137
2137
2138
2141
2141
2141
2144
2145
2146
2147
2147
2149
2151
2152
2152
2152
2153
2153
2155
2155
2155
2156
2156
2156
2157
2157
2157
2158
2159
2160
2162
2163
2163
2163
2166
2166
2167
2167
2168
2169
2169
2171
2171
2172
2172
2173
2173
2174
2175
2175
2177
2178
2179
2179
2180
2181
2182
2182
2183
2184
2184
2185
2185
2186
2187
2188
2189
2190
2190
2191
2195
2200
2202
2202
2203
2205
2207
2208
2209
2209
2211
2211
2212
2213
2214
2214
2216
2216
2218
2219
2220
2220
2222
2223
2223
2227
2229
2229
2230
2233
2234
2235
2236
2236
2236
2240
2240
2242
2242
2243
2243
2246
2246
2247
2248
2248
2249
2251
2254
2256
2257
2257
2260
2260
2261
2261
2262
2262
2263
2263
2265
2265
2265
2267
2269
2269
2269
2270
2272
2273
2273
2274
2274
2275
2279
2280
2282
2283
2283
2285
2287
2288
2288
2288
2289
2290
2293
2294
2294
2295
2297
2297
2299
2300
2300
2301
2302
2303
2303
2304
2307
2308
2310
2312
2313
2313
2314
2314
2316
2316
2318
2318
2320
2320
2320
2321
2322
2323
2323
2324
2328
2331
2331
2331
2331
2332
2332
2334
2334
2337
2338
2338
2340
2340
2341
2341
2341
2341
2343
2343
2344
2344
2344
2344
2345
2346
2347
2348
2351
2352
2354
2356
2361
2362
2366
2366
2368
2369
2369
2369
2370
2370
2371
2371
2371
2372
2372
2373
2374
2375
2379
2380
2380
2382
2384
2387
2387
2387
2389
2389
2390
2391
2392
2392
2392
2393
2395
2396
2398
2398
2399
2401
2401
2401
2403
2405
2406
2407
2407
2408
2408
2410
2411
2412
2412
2412
2413
2417
2418
2419
2419
2420
2422
2423
2424
2425
2426
2427
2428
2428
2429
2429
2429
2432
2434
2434
2434
2435
2435
2435
2435
2435
2436
2436
2437
2438
2438
2439
2440
2444
2445
2447
2449
2449
2451
2452
2452
2452
2453
2454
2455
2457
2458
2463
2464
2466
2469
2470
2471
2472
2475
2475
2479
2480
2481
2482
2482
2484
2484
2486
2488
2488
2488
2490
2492
2493
2493
2494
2494
2494
2496
2497
2497
2497
2497
2500
2501
2502
2502
2502
2503
2504
2506
2507
2507
2507
2508
2513
2514
2515
2515
2516
2517
2518
2518
2520
2522
2523
2525
2525
2529
2534
2535
2535
2539
2540
2541
2541
2541
2541
2542
2544
2545
2546
2546
2549
2549
2550
2552
2554
2557
2558
2558
2558
2560
2562
2564
2565
2567
2567
2568
2570
2573
2573
2576
2576
2578
2580
2580
2580
2581
2584
2585
2585
2587
2587
2587
2589
2590
2590
2590
2591
2592
2592
2592
2598
2600
2605
2605
2606
2610
2614
2614
2614
2615
2617
2618
2619
2620
2621
2623
2627
2630
2633
2634
2636
2637
2637
2637
2637
2643
2643
2645
2645
2645
2646
2647
2647
2647
2647
2647
2648
2649
2650
2651
2651
2652
2653
2657
2657
2658
2658
2659
2660
2662
2663
2664
2668
2668
2669
2669
2671
2672
2673
2676
2677
2678
2678
2679
2679
2679
2679
2680
2682
2682
2685
2687
2687
2689
2692
2692
2694
2694
2695
2695
2695
2697
2697
2698
2699
2701
2701
2702
2704
2705
2709
2709
2710
2710
2710
2710
2711
2715
2715
2718
2718
2719
2722
2723
2725
2728
2728
2730
2733
2734
2734
2735
2736
2737
2738
2738
2739
2743
2744
2744
2745
2745
2745
2746
2748
2748
2748
2749
2749
2749
2750
2750
2752
2752
2752
2753
2753
2754
2754
2755
2757
2759
2760
2761
2764
2766
2766
2767
2767
2768
2769
2772
2774
2776
2776
2777
2779
2779
2779
2779
2780
2781
2784
2789
2790
2792
2792
2793
2795
2797
2797
2798
2798
2798
2799
2800
2802
2802
2802
2804
2805
2809
2809
2810
2813
2814
2815
2816
2819
2821
2822
2825
2827
2827
2827
2828
2828
2829
2830
2832
2833
2833
2833
2834
2835
2836
2836
2836
2837
2839
2840
2842
2842
2843
2844
2844
2847
2847
2851
2852
2853
2855
2856
2856
2857
2860
2862
2862
2862
2863
2863
2863
2863
2864
2864
2865
2866
2866
2867
2867
2868
2869
2869
2872
2872
2872
2873
2874
2876
2877
2877
2877
2877
2879
2880
2880
2882
2883
2885
2886
2887
2890
2890
2891
2892
2893
2894
2897
2899
2901
2903
2903
2904
2906
2908
2908
2910
2911
2912
2912
2912
2913
2913
2913
2915
2916
2916
2917
2919
2921
2921
2922
2923
2924
2931
2932
2937
2937
2937
2938
2938
2939
2941
2943
2943
2945
2949
2950
2951
2951
2955
2958
2958
2960
2963
2963
2964
2965
2966
2967
2968
2969
2971
2971
2975
2975
2977
2978
2979
2979
2981
2981
2981
2982
2982
2983
2983
2983
2985
2986
2987
2988
2989
2989
2993
2994
2994
2997
2997
2997
2999
2999
3000
3001
3005
3005
3008
3013
3014
3015
3015
3018
3020
3022
3023
3023
3027
3029
3031
3033
3033
3034
3035
3036
3036
3037
3039
3042
3043
3046
3046
3047
3048
3049
3050
3050
3051
3052
3052
3053
3053
3055
3059
3063
3065
3065
3065
3065
3065
3066
3067
3068
3068
3069
3071
3072
3072
3076
3076
3076
3079
3079
3081
3082
3084
3087
3089
3089
3092
3093
3095
3095
3095
3095
3097
3100
3103
3103
3105
3106
3106
3107
3108
3111
3112
3112
3113
3117
3117
3119
3119
3121
3122
3123
3123
3123
3124
3124
3125
3126
3126
3127
3132
3137
3138
3138
3140
3143
3143
3143
3144
3144
3144
3145
3145
3149
3149
3152
3154
3154
3155
3156
3156
3158
3160
3161
3166
3168
3168
3169
3170
3170
3170
3172
3173
3174
3176
3178
3180
3180
3183
3183
3185
3185
3186
3191
3192
3193
3195
3198
3203
3204
3205
3205
3206
3210
3211
3211
3211
3212
3215
3217
3218
3220
3221
3223
3223
3224
3226
3228
3228
3230
3231
3231
3231
3233
3234
3235
3235
3239
3241
3242
3242
3242
3244
3245
3247
3248
3252
3252
3253
3254
3255
3255
3255
3255
3256
3261
3264
3264
3264
3267
3268
3270
3272
3272
3273
3273
3274
3275
3275
3276
3276
3276
3278
3280
3281
3284
3285
3285
3287
3295
3296
3303
3303
3304
3304
3305
3306
3308
3309
3312
3314
3315
3316
3318
3318
3319
3319
3320
3323
3324
3326
3326
3327
3331
3332
3335
3337
3337
3337
3340
3343
3343
3344
3345
3345
3346
3347
3348
3349
3352
3353
3354
3355
3355
3355
3357
3361
3361
3362
3362
3362
3363
3366
3369
3370
3371
3371
3372
3372
3372
3375
3376
3376
3377
3378
3384
3384
3384
3385
3386
3386
3388
3388
3389
3389
3390
3391
3392
3395
3396
3396
3398
3400
3401
3401
3402
3403
3404
3404
3405
3405
3406
3407
3412
3413
3413
3421
3422
3423
3424
3425
3425
3428
3428
3431
3432
3433
3433
3437
3437
3439
3440
3442
3442
3444
3445
3446
3446
3447
3448
3449
3450
3451
3451
3453
3455
3456
3457
3457
3457
3458
3458
3461
3461
3461
3463
3464
3465
3465
3465
3467
3468
3468
3469
3469
3470
3471
3481
3483
3484
3485
3485
3486
3487
3489
3490
3493
3494
3494
3497
3506
3507
3508
3508
3509
3509
3510
3510
3515
3518
3522
3522
3524
3525
3528
3529
3534
3535
3535
3541
3542
3542
3543
3544
3545
3546
3547
3548
3550
3552
3553
3554
3556
3557
3558
3561
3563
3563
3563
3564
3565
3565
3565
3569
3573
3574
3576
3577
3577
3585
3586
3586
3587
3589
3589
3592
3594
3594
3595
3595
3595
3596
3596
3597
3597
3598
3603
3603
3604
3605
3605
3607
3608
3611
3612
3614
3617
3620
3621
3626
3628
3628
3629
3631
3632
3632
3635
3637
3638
3640
3642
3642
3643
3644
3646
3646
3646
3647
3647
3648
3649
3652
3654
3655
3655
3656
3659
3665
3666
3667
3669
3671
3673
3676
3677
3678
3678
3687
3687
3689
3689
3689
3691
3693
3694
3695
3696
3700
3700
3701
3703
3703
3704
3705
3708
3709
3709
3709
3710
3712
3714
3715
3715
3716
3717
3717
3720
3721
3721
3723
3728
3729
3730
3736
3736
3737
3741
3743
3744
3746
3747
3751
3753
3756
3757
3759
3759
3760
3763
3765
3768
3769
3775
3777
3779
3781
3782
3785
3787
3788
3789
3792
3794
3795
3795
3797
3797
3798
3800
3800
3801
3801
3805
3805
3806
3806
3806
3807
3809
3815
3817
3819
3824
3827
3830
3834
3836
3836
3837
3839
3839
3840
3841
3843
3844
3848
3854
3854
3855
3857
3857
3860
3864
3864
3868
3870
3870
3872
3873
3876
3877
3879
3879
3880
3883
3884
3885
3885
3887
3889
3889
3891
3895
3896
3897
3897
3897
3900
3900
3908
3909
3909
3910
3911
3912
3916
3917
3917
3919
3920
3924
3924
3928
3929
3932
3933
3935
3936
3937
3938
3942
3945
3947
3947
3949
3949
3955
3956
3957
3957
3960
3962
3963
3965
3966
3967
3967
3969
3970
3970
3970
3970
3971
3972
3973
3979
3979
3982
3984
3984
3985
3985
3985
3988
3988
3989
3992
3995
3998
4002
4002
4004
4007
4007
4008
4010
4012
4014
4016
4016
4017
4020
4021
4024
4024
4025
4025
4025
4028
4029
4029
4031
4031
4034
4036
4037
4037
4037
4040
4040
4041
4046
4046
4049
4050
4053
4056
4056
4058
4061
4063
4064
4064
4064
4065
4065
4065
4070
4071
4071
4073
4074
4080
4084
4087
4087
4088
4089
4092
4093
4093
4095
4095
4098
4100
4100
4108
4108
4110
4110
4112
4112
4112
4113
4113
4115
4115
4120
4120
4122
4123
4124
4126
4126
4127
4128
4130
4132
4132
4135
4138
4140
4140
4143
4145
4148
4153
4154
4158
4161
4162
4163
4166
4170
4174
4175
4175
4175
4176
4178
4179
4180
4180
4181
4183
4183
4185
4188
4188
4188
4189
4193
4196
4198
4200
4202
4205
4206
4207
4212
4213
4214
4214
4214
4214
4217
4220
4227
4228
4229
4232
4237
4237
4239
4241
4244
4245
4247
4249
4250
4251
4253
4253
4253
4254
4256
4256
4259
4260
4262
4269
4278
4278
4279
4280
4286
4287
4288
4288
4291
4294
4295
4296
4301
4304
4306
4309
4311
4312
4312
4315
4315
4315
4316
4316
4318
4318
4321
4321
4329
4331
4335
4338
4340
4340
4341
4342
4346
4346
4346
4346
4347
4349
4349
4355
4356
4356
4357
4358
4358
4358
4360
4362
4364
4366
4368
4370
4372
4373
4373
4373
4374
4374
4376
4377
4378
4379
4385
4386
4390
4392
4393
4394
4398
4402
4404
4404
4405
4407
4408
4410
4410
4410
4411
4412
4413
4415
4418
4418
4420
4422
4423
4425
4430
4430
4434
4436
4436
4442
4443
4445
4446
4446
4446
4446
4447
4451
4452
4453
4455
4456
4458
4461
4467
4467
4471
4471
4473
4474
4477
4480
4486
4486
4492
4492
4492
4495
4496
4498
4503
4505
4506
4510
4511
4515
4515
4516
4518
4520
4521
4524
4524
4525
4525
4525
4526
4528
4528
4529
4530
4534
4534
4535
4536
4536
4544
4556
4557
4557
4557
4557
4559
4562
4563
4569
4570
4570
4571
4573
4576
4577
4577
4578
4579
4580
4586
4587
4587
4587
4592
4594
4595
4596
4596
4604
4606
4606
4608
4608
4610
4612
4616
4618
4618
4619
4619
4620
4622
4623
4623
4623
4624
4624
4624
4627
4628
4631
4633
4634
4635
4635
4636
4636
4637
4639
4642
4644
4645
4653
4655
4658
4659
4662
4663
4663
4663
4663
4663
4667
4669
4669
4671
4677
4677
4682
4684
4684
4686
4686
4686
4687
4688
4688
4689
4694
4695
4697
4703
4709
4710
4710
4717
4720
4723
4724
4725
4725
4725
4726
4728
4731
4735
4735
4738
4739
4740
4743
4743
4745
4747
4751
4752
4753
4754
4758
4758
4759
4760
4761
4764
4765
4766
4768
4770
4777
4777
4778
4778
4779
4784
4786
4788
4788
4789
4789
4792
4792
4793
4794
4794
4798
4803
4808
4811
4814
4815
4816
4818
4820
4820
4822
4824
4826
4827
4829
4829
4830
4832
4833
4841
4844
4846
4846
4848
4849
4856
4857
4859
4859
4860
4862
4864
4872
4873
4876
4877
4878
4878
4879
4881
4886
4887
4888
4893
4896
4896
4901
4902
4904
4911
4914
4914
4919
4919
4921
4921
4922
4928
4928
4929
4931
4936
4936
4943
4946
4948
4950
4951
4952
4952
4957
4957
4964
4967
4970
4972
4975
4976
4977
4979
4981
4984
4986
4986
4987
4992
4993
4996
4997
4997
5005
5009
5009
5010
5011
5016
5018
5018
5019
5019
5027
5027
5029
5029
5030
5033
5035
5038
5039
5039
5042
5051
5055
5056
5060
5062
5063
5063
5064
5066
5072
5074
5078
5081
5081
5081
5086
5087
5087
5097
5099
5101
5102
5104
5107
5108
5110
5111
5113
5115
5117
5120
5121
5122
5123
5124
5125
5127
5128
5128
5129
5130
5134
5135
5138
5139
5140
5140
5146
5148
5149
5150
5152
5153
5153
5155
5155
5155
5155
5156
5158
5158
5160
5164
5168
5170
5170
5173
5173
5179
5182
5186
5187
5193
5193
5197
5197
5198
5198
5199
5200
5201
5207
5211
5212
5213
5216
5216
5216
5217
5217
5223
5223
5223
5224
5224
5225
5226
5227
5227
5228
5228
5229
5236
5236
5240
5246
5247
5249
5250
5253
5253
5253
5255
5256
5257
5258
5261
5262
5263
5271
5272
5275
5277
5278
5285
5286
5286
5298
5308
5310
5311
5311
5313
5316
5319
5319
5321
5322
5327
5327
5330
5330
5332
5332
5333
5334
5334
5339
5339
5340
5340
5341
5341
5344
5346
5346
5352
5355
5362
5366
5366
5381
5383
5388
5390
5391
5391
5394
5395
5397
5401
5402
5405
5406
5406
5407
5413
5415
5416
5418
5423
5428
5432
5433
5436
5437
5437
5438
5439
5439
5446
5448
5448
5453
5454
5455
5458
5460
5460
5465
5465
5465
5468
5469
5475
5477
5480
5481
5482
5484
5485
5488
5491
5492
5495
5501
5501
5502
5506
5508
5509
5509
5510
5511
5514
5514
5517
5519
5522
5523
5524
5525
5527
5529
5530
5530
5531
5534
5536
5538
5539
5540
5540
5541
5542
5543
5543
5545
5545
5545
5553
5558
5560
5560
5561
5562
5562
5564
5566
5567
5573
5578
5579
5581
5584
5584
5589
5589
5590
5592
5595
5596
5597
5603
5610
5612
5617
5619
5620
5620
5623
5628
5628
5630
5630
5631
5641
5641
5641
5645
5645
5647
5647
5649
5649
5649
5651
5651
5653
5656
5656
5657
5658
5661
5664
5664
5664
5667
5670
5674
5679
5684
5685
5690
5690
5694
5701
5701
5703
5705
5711
5712
5714
5716
5717
5719
5719
5722
5722
5725
5729
5732
5733
5733
5735
5736
5736
5737
5741
5742
5750
5751
5752
5753
5758
5760
5760
5761
5767
5768
5769
5769
5773
5773
5774
5774
5777
5778
5783
5786
5786
5789
5790
5793
5796
5796
5800
5803
5803
5805
5806
5812
5813
5813
5818
5824
5828
5834
5835
5837
5839
5840
5844
5844
5845
5849
5849
5850
5859
5860
5865
5866
5867
5868
5868
5868
5874
5875
5875
5877
5877
5879
5881
5883
5884
5890
5890
5895
5895
5897
5900
5901
5901
5905
5906
5910
5911
5912
5913
5914
5915
5922
5923
5928
5928
5929
5931
5935
5941
5949
5950
5951
5952
5952
5953
5954
5959
5960
5961
5961
5962
5963
5968
5969
5969
5970
5971
5972
5979
5983
5985
5988
5990
5993
5993
5994
5996
5996
5998
6003
6003
6007
6015
6018
6019
6019
6021
6022
6025
6025
6027
6028
6028
6029
6029
6031
6032
6032
6041
6043
6044
6046
6051
6051
6056
6057
6059
6061
6061
6062
6065
6067
6074
6077
6081
6081
6082
6084
6086
6087
6089
6091
6095
6097
6097
6097
6100
6103
6106
6106
6108
6108
6109
6110
6115
6116
6118
6127
6129
6142
6144
6145
6147
6149
6151
6152
6152
6153
6155
6157
6162
6162
6163
6172
6174
6176
6183
6186
6188
6194
6197
6199
6203
6205
6206
6206
6214
6216
6216
6217
6221
6222
6225
6226
6230
6231
6231
6231
6232
6234
6241
6242
6246
6247
6248
6250
6250
6251
6251
6251
6252
6257
6262
6269
6280
6280
6283
6286
6288
6291
6294
6301
6306
6306
6307
6310
6311
6312
6315
6315
6316
6316
6319
6320
6322
6322
6324
6324
6324
6329
6329
6334
6335
6337
6338
6341
6341
6344
6345
6345
6346
6349
6350
6351
6354
6355
6356
6357
6361
6363
6366
6368
6369
6371
6375
6379
6383
6389
6389
6389
6390
6396
6400
6403
6404
6404
6406
6407
6412
6413
6414
6419
6424
6425
6427
6428
6434
6441
6444
6446
6447
6448
6451
6455
6458
6460
6463
6465
6467
6467
6468
6479
6482
6483
6484
6485
6487
6488
6493
6496
6496
6497
6497
6498
6501
6506
6508
6509
6510
6511
6512
6514
6514
6516
6517
6518
6519
6520
6522
6522
6523
6526
6530
6541
6543
6547
6549
6551
6552
6552
6559
6560
6562
6565
6568
6570
6571
6571
6573
6577
6581
6581
6583
6589
6590
6591
6595
6604
6605
6605
6605
6609
6610
6615
6616
6625
6633
6635
6636
6636
6643
6645
6647
6651
6653
6653
6655
6656
6659
6660
6660
6661
6662
6667
6670
6671
6673
6678
6681
6683
6684
6686
6689
6696
6698
6700
6700
6702
6702
6703
6703
6707
6708
6709
6712
6713
6714
6722
6727
6728
6728
6729
6730
6731
6733
6733
6734
6735
6741
6741
6744
6746
6747
6755
6757
6758
6760
6760
6761
6761
6762
6771
6773
6774
6775
6776
6776
6780
6782
6784
6787
6789
6789
6792
6796
6802
6804
6807
6807
6811
6817
6817
6824
6827
6831
6833
6833
6834
6836
6839
6842
6845
6845
6847
6848
6849
6850
6851
6852
6864
6867
6869
6870
6871
6871
6873
6876
6877
6884
6889
6890
6891
6893
6895
6897
6897
6901
6903
6911
6911
6915
6916
6918
6925
6927
6929
6929
6932
6934
6936
6937
6942
6942
6944
6947
6949
6950
6953
6960
6963
6964
6968
6971
6973
6977
6978
6982
6982
6986
6988
6988
6989
6989
6990
6993
6993
6996
6998
6999
7000
7000
7000
7001
7007
7009
7012
7012
7015
7019
7019
7022
7022
7023
7029
7031
7033
7035
7035
7038
7039
7042
7044
7046
7047
7048
7048
7048
7050
7053
7053
7054
7062
7064
7066
7069
7071
7074
7075
7076
7085
7088
7088
7089
7095
7097
7099
7100
7104
7108
7108
7108
7109
7110
7110
7112
7117
7118
7119
7121
7121
7126
7135
7139
7141
7141
7141
7146
7149
7154
7156
7156
7157
7157
7157
7162
7164
7165
7165
7166
7166
7167
7169
7170
7170
7171
7174
7177
7179
7179
7181
7182
7188
7188
7189
7189
7196
7197
7201
7202
7204
7209
7212
7216
7217
7220
7221
7223
7223
7224
7229
7230
7230
7238
7241
7241
7242
7242
7245
7246
7248
7251
7254
7254
7260
7262
7269
7274
7274
7276
7280
7285
7287
7289
7290
7296
7298
7298
7298
7299
7300
7300
7304
7304
7310
7315
7315
7318
7318
7320
7320
7324
7325
7328
7331
7337
7337
7340
7344
7349
7350
7352
7353
7354
7355
7358
7360
7360
7363
7367
7373
7378
7380
7383
7384
7386
7387
7389
7395
7396
7398
7399
7401
7406
7410
7411
7418
7418
7418
7421
7421
7425
7426
7428
7434
7435
7436
7444
7446
7446
7449
7452
7453
7454
7456
7461
7462
7467
7469
7470
7473
7473
7474
7476
7477
7480
7482
7486
7488
7490
7493
7504
7509
7510
7513
7515
7519
7521
7524
7525
7530
7530
7532
7535
7536
7537
7538
7540
7544
7546
7551
7551
7558
7560
7561
7566
7568
7570
7572
7575
7580
7581
7582
7582
7585
7587
7587
7589
7590
7599
7600
7604
7605
7606
7609
7610
7610
7613
7613
7613
7615
7616
7617
7619
7619
7620
7628
7628
7633
7634
7644
7645
7649
7650
7651
7652
7655
7659
7659
7660
7662
7671
7674
7677
7684
7688
7689
7689
7690
7690
7691
7693
7695
7697
7702
7709
7710
7710
7713
7715
7716
7718
7720
7722
7725
7726
7726
7727
7727
7728
7732
7733
7740
7741
7746
7748
7748
7748
7749
7750
7753
7757
7763
7766
7768
7769
7769
7772
7772
7773
7775
7777
7779
7780
7784
7786
7786
7786
7788
7789
7790
7791
7792
7793
7795
7796
7797
7798
7800
7801
7803
7806
7807
7811
7812
7813
7817
7817
7818
7819
7825
7825
7828
7828
7833
7835
7838
7844
7847
7850
7852
7855
7855
7858
7860
7860
7861
7861
7862
7865
7865
7868
7873
7876
7879
7880
7886
7895
7896
7897
7899
7901
7902
7906
7911
7912
7917
7917
7920
7924
7929
7932
7940
7944
7945
7950
7950
7952
7953
7957
7959
7969
7974
7984
7989
7990
7991
7991
8003
8006
8010
8018
8018
8023
8024
8026
8026
8029
8030
8035
8037
8037
8040
8045
8047
8049
8049
8055
8059
8061
8064
8068
8073
8077
8081
8082
8083
8084
8090
8092
8094
8102
8104
8112
8114
8114
8119
8124
8125
8129
8132
8132
8135
8144
8149
8153
8154
8157
8159
8159
8160
8161
8163
8165
8178
8179
8180
8181
8185
8186
8187
8189
8192
8195
8195
8196
8198
8198
8202
8204
8205
8210
8210
8212
8213
8213
8213
8217
8221
8226
8229
8230
8232
8232
8233
8234
8237
8241
8243
8243
8245
8245
8247
8249
8251
8253
8253
8254
8255
8264
8266
8273
8286
8289
8292
8292
8295
8296
8297
8298
8298
8299
8304
8304
8305
8306
8307
8315
8329
8329
8330
8331
8331
8332
8338
8340
8341
8341
8346
8347
8351
8351
8357
8357
8360
8362
8363
8366
8367
8370
8374
8375
8380
8382
8382
8383
8387
8391
8391
8393
8402
8404
8404
8411
8411
8411
8418
8420
8427
8434
8439
8442
8446
8454
8454
8455
8462
8464
8464
8470
8482
8485
8487
8497
8502
8505
8513
8517
8521
8522
8525
8530
8535
8538
8538
8540
8541
8545
8547
8548
8548
8549
8551
8553
8554
8555
8555
8559
8561
8563
8564
8567
8570
8573
8573
8574
8576
8576
8579
8590
8592
8593
8598
8604
8610
8610
8611
8611
8611
8611
8612
8614
8616
8617
8617
8618
8618
8631
8637
8639
8641
8642
8647
8650
8653
8653
8654
8654
8658
8662
8666
8672
8673
8675
8679
8680
8688
8689
8690
8695
8695
8702
8702
8704
8706
8711
8712
8713
8714
8714
8721
8724
8730
8734
8735
8739
8740
8744
8747
8748
8748
8749
8751
8752
8753
8756
8757
8759
8763
8765
8773
8775
8775
8776
8777
8777
8778
8780
8781
8785
8787
8792
8795
8797
8805
8806
8807
8807
8808
8813
8813
8816
8816
8819
8819
8820
8822
8825
8827
8829
8831
8834
8837
8842
8842
8842
8846
8848
8851
8853
8856
8857
8857
8862
8864
8865
8865
8867
8868
8871
8872
8873
8877
8878
8880
8884
8888
8891
8894
8894
8895
8896
8897
8898
8899
8900
8901
8906
8914
8921
8922
8926
8926
8929
8930
8932
8936
8937
8938
8940
8945
8948
8951
8952
8963
8968
8970
8970
8972
8973
8974
8982
8983
8983
8988
8989
8990
8995
8996
9005
9005
9008
9009
9010
9011
9014
9015
9015
9018
9018
9022
9026
9028
9029
9030
9034
9037
9038
9043
9043
9046
9047
9049
9052
9053
9059
9065
9066
9066
9086
9087
9092
9097
9100
9100
9102
9105
9106
9106
9107
9110
9111
9115
9125
9128
9131
9142
9143
9145
9146
9154
9160
9162
9164
9166
9168
9168
9171
9171
9174
9186
9190
9194
9195
9196
9208
9214
9214
9218
9219
9219
9219
9219
9223
9223
9225
9227
9229
9229
9232
9233
9240
9242
9255
9259
9264
9264
9265
9269
9271
9273
9274
9277
9279
9280
9284
9286
9287
9287
9288
9291
9293
9297
9301
9301
9301
9302
9303
9304
9305
9312
9314
9316
9318
9320
9323
9329
9331
9333
9335
9335
9339
9342
9347
9347
9350
9351
9351
9351
9354
9356
9358
9364
9368
9370
9371
9381
9387
9387
9389
9393
9393
9397
9400
9402
9402
9411
9415
9417
9418
9419
9421
9424
9433
9434
9435
9436
9443
9455
9457
9458
9458
9460
9462
9465
9466
9469
9472
9472
9480
9483
9484
9486
9487
9487
9488
9491
9493
9494
9495
9496
9496
9505
9505
9507
9510
9514
9521
9525
9526
9527
9527
9535
9535
9538
9543
9545
9549
9550
9551
9555
9559
9569
9570
9570
9572
9577
9578
9582
9583
9584
9584
9585
9586
9588
9590
9596
9599
9601
9603
9608
9610
9612
9612
9613
9613
9615
9616
9616
9619
9621
9622
9624
9624
9629
9643
9644
9646
9650
9650
9651
9653
9657
9659
9660
9661
9666
9669
9673
9679
9685
9701
9702
9704
9705
9710
9717
9724
9727
9731
9737
9739
9739
9740
9740
9743
9750
9755
9762
9763
9764
9764
9766
9770
9772
9777
9783
9783
9788
9790
9796
9797
9800
9801
9803
9805
9810
9810
9812
9815
9820
9820
9822
9827
9827
9829
9841
9849
9850
9851
9854
9856
9857
9863
9866
9871
9872
9877
9877
9878
9879
9881
9882
9882
9883
9886
9887
9888
9891
9894
9899
9900
9903
9903
9904
9904
9906
9907
9910
9916
9916
9917
9924
9929
9931
9932
9933
9936
9938
9938
9942
9944
9945
9947
9949
9951
9951
9957
9961
9966
9968
9973
9975
9977
9978
9978
9978
9983
9985
9988
9991
9998
10002
10003
10004
10005
10008
10009
10011
10014
10020
10024
10029
10035
10036
10036
10040
10040
10040
10044
10048
10049
10049
10051
10052
10052
10053
10058
10064
10072
10077
10077
10081
10086
10089
10090
10091
10091
10095
10095
10102
10103
10104
10107
10108
10108
10111
10112
10113
10116
10120
10121
10123
10135
10137
10139
10140
10146
10153
10169
10173
10174
10179
10180
10184
10185
10193
10197
10201
10202
10202
10204
10205
10206
10206
10208
10210
10210
10210
10210
10211
10213
10217
10222
10224
10230
10236
10237
10237
10238
10239
10242
10243
10245
10245
10252
10254
10257
10257
10259
10265
10279
10281
10284
10287
10287
10288
10290
10293
10297
10298
10305
10306
10307
10307
10311
10317
10323
10325
10333
10338
10339
10339
10341
10346
10347
10348
10351
10353
10356
10361
10362
10371
10371
10373
10377
10381
10381
10382
10385
10387
10393
10396
10397
10398
10399
10400
10405
10409
10409
10409
10410
10414
10416
10416
10418
10420
10421
10428
10430
10430
10439
10450
10453
10453
10457
10458
10458
10459
10461
10464
10464
10465
10479
10479
10484
10484
10486
10487
10490
10501
10512
10513
10513
10513
10517
10518
10519
10524
10529
10529
10531
10534
10537
10537
10538
10540
10544
10545
10546
10552
10555
10556
10557
10557
10562
10566
10567
10567
10575
10576
10582
10583
10584
10586
10588
10601
10604
10605
10608
10608
10613
10615
10616
10619
10625
10627
10628
10631
10633
10634
10638
10641
10645
10654
10657
10658
10659
10662
10662
10664
10667
10673
10676
10676
10679
10680
10681
10683
10687
10688
10696
10699
10701
10715
10722
10725
10726
10726
10736
10737
10740
10740
10741
10746
10746
10753
10754
10758
10765
10767
10775
10778
10786
10793
10793
10799
10806
10809
10815
10818
10824
10828
10828
10832
10838
10839
10840
10846
10849
10850
10851
10852
10853
10856
10857
10858
10864
10866
10868
10872
10877
10879
10883
10884
10888
10891
10893
10899
10899
10901
10904
10905
10906
10906
10908
10908
10912
10916
10918
10922
10923
10924
10927
10939
10940
10940
10942
10943
10947
10948
10949
10953
10957
10961
10966
10966
10969
10969
10973
10975
10977
10978
10982
10984
10987
10989
10997
11002
11010
11012
11013
11014
11015
11015
11020
11020
11021
11022
11022
11026
11028
11034
11037
11037
11045
11053
11056
11060
11070
11073
11074
11075
11076
11078
11081
11082
11097
11097
11099
11104
11105
11115
11124
11124
11125
11126
11126
11128
11134
11138
11138
11147
11152
11170
11177
11185
11185
11189
11191
11193
11194
11199
11199
11206
11207
11212
11213
11221
11225
11230
11230
11231
11232
11239
11242
11248
11249
11249
11256
11257
11266
11268
11269
11280
11283
11284
11294
11294
11298
11300
11302
11303
11310
11311
11317
11319
11320
11323
11325
11325
11330
11333
11336
11341
11342
11351
11353
11355
11358
11360
11361
11363
11370
11370
11371
11373
11378
11380
11386
11389
11391
11391
11395
11396
11399
11400
11401
11401
11408
11410
11413
11415
11416
11417
11420
11427
11430
11431
11432
11433
11437
11439
11441
11444
11445
11446
11446
11446
11451
11454
11455
11457
11457
11458
11461
11467
11474
11477
11481
11490
11494
11494
11498
11503
11504
11508
11510
11515
11516
11520
11523
11527
11538
11540
11540
11543
11543
11550
11550
11567
11569
11581
11584
11588
11589
11589
11590
11599
11601
11602
11619
11622
11624
11627
11629
11630
11634
11643
11647
11647
11648
11654
11661
11663
11672
11677
11682
11689
11701
11710
11715
11716
11719
11720
11721
11722
11727
11729
11730
11730
11735
11735
11755
11755
11757
11759
11780
11782
11783
11792
11794
11797
11804
11812
11816
11820
11821
11825
11825
11826
11826
11827
11828
11828
11831
11837
11844
11847
11847
11848
11852
11853
11855
11864
11864
11866
11888
11894
11896
11902
11904
11909
11916
11916
11920
11922
11927
11930
11940
11945
11949
11963
11971
11971
11975
11977
11982
11990
11990
11995
11995
11998
12005
12014
12017
12017
12018
12019
12022
12025
12025
12037
12038
12039
12042
12044
12051
12060
12061
12079
12082
12082
12093
12093
12096
12100
12101
12103
12105
12108
12110
12117
12120
12121
12122
12126
12129
12129
12130
12132
12133
12133
12135
12146
12148
12156
12156
12160
12164
12168
12168
12174
12177
12182
12183
12191
12193
12199
12205
12206
12206
12207
12209
12209
12220
12232
12234
12235
12236
12237
12240
12242
12247
12248
12251
12253
12261
12262
12266
12267
12267
12269
12270
12272
12272
12279
12282
12285
12285
12287
12287
12289
12294
12298
12298
12299
12300
12302
12306
12314
12328
12335
12344
12348
12351
12356
12358
12359
12361
12364
12368
12373
12373
12377
12384
12402
12411
12411
12415
12423
12424
12424
12425
12426
12427
12429
12439
12441
12443
12451
12453
12453
12454
12455
12459
12461
12473
12473
12475
12493
12497
12501
12502
12503
12507
12509
12511
12517
12521
12529
12531
12533
12535
12550
12552
12555
12567
12568
12571
12572
12573
12585
12593
12601
12606
12608
12613
12632
12648
12652
12655
12659
12665
12665
12667
12668
12674
12680
12680
12681
12682
12685
12696
12699
12702
12702
12707
12709
12709
12733
12734
12739
12743
12752
12756
12766
12778
12785
12794
12808
12809
12812
12824
12836
12839
12841
12842
12846
12847
12849
12853
12855
12855
12857
12868
12868
12869
12876
12879
12883
12885
12894
12897
12902
12903
12903
12904
12904
12904
12904
12917
12918
12928
12932
12934
12938
12939
12939
12940
12945
12947
12958
12960
12960
12962
12968
12970
12971
12979
12984
12988
12993
12994
12999
13006
13007
13008
13020
13021
13027
13027
13029
13032
13033
13036
13039
13048
13050
13051
13061
13068
13071
13072
13075
13078
13080
13092
13094
13097
13104
13105
13108
13113
13119
13120
13125
13127
13132
13134
13135
13137
13137
13142
13143
13147
13149
13150
13172
13174
13177
13179
13181
13188
13191
13196
13196
13197
13197
13198
13200
13200
13201
13201
13201
13203
13206
13209
13216
13218
13225
13234
13235
13240
13241
13242
13244
13247
13249
13249
13250
13256
13256
13259
13264
13271
13272
13274
13279
13279
13282
13288
13289
13294
13299
13299
13301
13308
13315
13320
13322
13325
13329
13331
13339
13341
13343
13351
13351
13352
13367
13368
13369
13370
13373
13381
13381
13385
13397
13402
13413
13414
13424
13424
13426
13430
13441
13441
13444
13445
13456
13457
13461
13464
13467
13483
13489
13493
13497
13499
13502
13510
13515
13516
13521
13526
13527
13527
13532
13533
13539
13545
13551
13554
13559
13564
13569
13574
13574
13577
13578
13580
13582
13584
13588
13590
13590
13593
13593
13594
13594
13598
13601
13608
13610
13611
13612
13615
13618
13623
13626
13628
13631
13633
13633
13634
13636
13645
13650
13652
13653
13656
13659
13663
13667
13668
13671
13682
13682
13683
13693
13696
13707
13719
13729
13734
13737
13739
13742
13751
13753
13759
13760
13761
13762
13764
13770
13771
13777
13777
13782
13798
13803
13812
13812
13818
13822
13825
13832
13832
13833
13834
13834
13835
13838
13843
13853
13866
13869
13874
13876
13877
13885
13888
13892
13893
13894
13897
13898
13901
13909
13909
13911
13913
13917
13920
13921
13922
13926
13933
13936
13936
13937
13942
13947
13957
13957
13958
13960
13964
13965
13966
13975
13981
13983
13986
13987
13988
13998
14006
14006
14008
14011
14012
14013
14020
14025
14035
14038
14040
14044
14061
14073
14076
14080
14080
14082
14084
14089
14095
14101
14108
14117
14119
14120
14124
14129
14131
14139
14146
14151
14159
14176
14182
14191
14201
14202
14206
14207
14208
14212
14213
14214
14215
14219
14225
14226
14230
14230
14235
14236
14240
14249
14251
14277
14278
14280
14287
14297
14298
14300
14304
14307
14314
14333
14334
14336
14337
14344
14347
14350
14351
14358
14368
14370
14373
14376
14377
14378
14378
14380
14390
14395
14412
14412
14414
14417
14422
14423
14446
14449
14452
14454
14457
14458
14462
14462
14464
14471
14473
14476
14482
14485
14486
14501
14506
14513
14513
14515
14517
14522
14527
14528
14528
14531
14535
14540
14547
14547
14547
14551
14566
14569
14574
14574
14574
14580
14582
14585
14586
14586
14595
14601
14611
14613
14615
14618
14621
14623
14641
14642
14644
14653
14659
14660
14663
14682
14688
14690
14698
14701
14709
14716
14719
14730
14733
14740
14745
14748
14750
14750
14750
14764
14769
14770
14771
14776
14784
14787
14789
14790
14791
14792
14795
14798
14803
14815
14820
14833
14835
14835
14836
14839
14840
14843
14849
14854
14860
14874
14879
14883
14890
14898
14901
14901
14906
14910
14912
14917
14918
14926
14931
14932
14933
14933
14936
14943
14943
14949
14952
14953
14954
14962
14965
14967
14970
14972
14974
14989
14991
14993
14997
14997
14999
15003
15012
15013
15014
15014
15017
15026
15040
15044
15048
15052
15052
15054
15068
15068
15073
15074
15075
15081
15086
15088
15089
15097
15100
15103
15106
15111
15122
15123
15127
15133
15137
15138
15139
15141
15141
15149
15152
15152
15153
15153
15155
15155
15157
15157
15159
15173
15174
15181
15191
15234
15242
15243
15245
15255
15257
15257
15260
15265
15268
15274
15276
15277
15280
15282
15284
15284
15297
15297
15302
15305
15307
15314
15318
15323
15328
15335
15335
15352
15352
15355
15366
15368
15376
15383
15389
15394
15399
15402
15403
15406
15411
15411
15423
15424
15426
15430
15436
15437
15442
15442
15446
15455
15459
15468
15471
15485
15493
15496
15507
15525
15528
15529
15538
15542
15550
15556
15562
15564
15564
15574
15580
15580
15584
15585
15587
15588
15595
15603
15622
15633
15633
15638
15651
15669
15679
15681
15682
15689
15698
15699
15701
15707
15712
15715
15718
15732
15735
15740
15745
15748
15748
15752
15752
15757
15759
15768
15769
15786
15789
15792
15795
15802
15804
15811
15818
15820
15822
15827
15837
15838
15841
15845
15849
15853
15854
15858
15860
15863
15863
15865
15869
15875
15884
15884
15888
15890
15899
15900
15908
15912
15912
15920
15927
15929
15933
15945
15953
15955
15965
15966
15972
15979
15981
15989
15994
16002
16016
16031
16031
16033
16039
16046
16058
16066
16072
16076
16088
16103
16107
16113
16113
16124
16137
16150
16163
16174
16177
16181
16182
16190
16208
16222
16223
16226
16226
16228
16230
16236
16243
16254
16257
16266
16270
16283
16291
16291
16293
16303
16307
16311
16316
16326
16329
16331
16333
16334
16335
16335
16335
16336
16339
16340
16344
16349
16352
16357
16362
16367
16369
16375
16384
16387
16390
16400
16402
16407
16409
16410
16410
16412
16419
16421
16426
16427
16430
16449
16460
16461
16462
16462
16470
16470
16471
16479
16482
16484
16487
16489
16497
16501
16515
16539
16541
16547
16548
16555
16559
16560
16570
16572
16575
16578
16596
16602
16603
16604
16611
16618
16623
16623
16623
16626
16629
16631
16636
16638
16643
16650
16652
16656
16657
16657
16663
16674
16684
16685
16692
16700
16708
16717
16720
16724
16725
16727
16729
16734
16736
16744
16750
16756
16757
16768
16775
16779
16785
16790
16791
16793
16793
16794
16795
16796
16797
16799
16801
16805
16810
16820
16824
16832
16834
16835
16840
16842
16861
16872
16874
16876
16881
16884
16892
16895
16906
16920
16930
16932
16938
16939
16947
16957
16961
16971
16982
16985
17005
17008
17019
17026
17026
17027
17034
17035
17038
17041
17051
17057
17064
17069
17075
17078
17078
17081
17081
17083
17083
17091
17099
17100
17102
17106
17116
17117
17117
17118
17118
17122
17129
17131
17139
17147
17166
17179
17186
17187
17196
17197
17208
17221
17222
17230
17248
17253
17256
17256
17268
17268
17271
17280
17280
17281
17283
17300
17302
17308
17312
17321
17334
17334
17337
17340
17342
17347
17348
17352
17363
17363
17364
17365
17370
17371
17372
17373
17374
17382
17391
17393
17403
17413
17428
17430
17430
17439
17446
17453
17456
17470
17474
17474
17483
17484
17485
17487
17488
17488
17489
17505
17511
17512
17512
17514
17520
17520
17522
17527
17530
17544
17544
17550
17556
17558
17558
17560
17563
17567
17581
17588
17594
17605
17607
17614
17614
17618
17624
17625
17631
17640
17660
17667
17668
17676
17688
17699
17700
17704
17707
17711
17731
17738
17744
17745
17760
17764
17774
17775
17775
17775
17776
17785
17785
17786
17787
17789
17793
17805
17819
17820
17821
17823
17836
17839
17842
17844
17852
17857
17858
17866
17866
17875
17884
17893
17898
17902
17915
17924
17931
17933
17936
17979
17991
18001
18006
18012
18020
18026
18029
18036
18043
18047
18059
18061
18066
18070
18070
18071
18073
18075
18075
18077
18081
18081
18089
18091
18094
18095
18097
18098
18115
18139
18142
18155
18159
18162
18174
18198
18202
18207
18212
18227
18245
18246
18251
18254
18271
18294
18296
18302
18305
18311
18327
18339
18344
18345
18349
18360
18367
18367
18373
18374
18381
18386
18391
18393
18402
18407
18420
18431
18434
18439
18441
18445
18448
18449
18451
18454
18455
18461
18465
18471
18481
18486
18490
18491
18494
18499
18512
18524
18524
18530
18536
18540
18541
18551
18553
18555
18558
18574
18583
18591
18599
18605
18617
18623
18628
18631
18636
18636
18638
18638
18640
18647
18647
18652
18656
18664
18670
18690
18700
18702
18705
18707
18717
18718
18723
18726
18728
18731
18740
18742
18764
18769
18783
18787
18795
18795
18797
18798
18800
18807
18810
18817
18826
18838
18839
18844
18848
18848
18852
18856
18862
18868
18905
18907
18907
18919
18920
18924
18929
18931
18936
18940
18941
18946
18947
18949
18953
18958
18959
18971
18974
18975
18981
19005
19010
19010
19012
19014
19021
19023
19028
19031
19037
19038
19043
19044
19051
19051
19061
19064
19068
19069
19069
19075
19085
19097
19101
19104
19119
19120
19123
19124
19128
19134
19136
19141
19148
19171
19194
19194
19202
19202
19205
19206
19216
19217
19217
19220
19247
19250
19254
19260
19262
19269
19277
19280
19282
19284
19286
19315
19326
19339
19341
19341
19349
19350
19357
19371
19378
19381
19388
19411
19416
19433
19442
19443
19457
19458
19461
19462
19463
19469
19470
19480
19486
19496
19506
19523
19524
19529
19529
19532
19535
19538
19539
19549
19559
19562
19586
19595
19597
19597
19598
19605
19606
19612
19614
19620
19628
19631
19638
19642
19642
19646
19650
19670
19676
19685
19689
19695
19707
19711
19712
19715
19718
19724
19732
19735
19742
19746
19747
19749
19749
19764
19765
19777
19780
19781
19786
19786
19805
19810
19829
19836
19844
19850
19862
19864
19893
19900
19922
19926
19932
19940
19944
19945
19948
19956
19957
19960
19965
19984
19985
19988
19997
20006
20020
20027
20028
20030
20048
20052
20059
20079
20093
20096
20102
20102
20112
20116
20116
20117
20118
20128
20132
20145
20148
20153
20170
20173
20183
20196
20197
20218
20218
20230
20236
20244
20247
20250
20256
20298
20302
20318
20327
20343
20366
20385
20450
20474
20481
20493
20502
20504
20511
20512
20521
20533
20563
20567
20570
20591
20592
20597
20603
20607
20631
20642
20660
20681
20683
20706
20708
20715
20725
20729
20732
20734
20736
20738
20747
20770
20772
20773
20774
20780
20787
20798
20803
20821
20826
20832
20838
20854
20884
20889
20893
20901
20931
20961
20975
20978
20994
20999
21026
21034
21040
21043
21044
21058
21061
21078
21085
21085
21087
21096
21101
21125
21133
21145
21148
21151
21162
21163
21184
21185
21189
21231
21249
21268
21275
21282
21283
21286
21287
21290
21304
21313
21320
21327
21371
21424
21446
21470
21476
21495
21508
21535
21546
21571
21581
21605
21609
21622
21629
21653
21684
21691
21693
21705
21736
21751
21753
21753
21760
21769
21782
21801
21825
21842
21860
21915
21921
21937
21941
21944
21981
21989
22024
22059
22059
22061
22062
22063
22073
22076
22086
22118
22126
22129
22136
22145
22150
22154
22167
22185
22227
22252
22255
22258
22258
22265
22276
22287
22290
22318
22329
22366
22369
22374
22383
22400
22412
22417
22418
22467
22477
22482
22485
22504
22522
22541
22543
22556
22682
22694
22738
22767
22801
22805
22866
22908
22956
22959
22980
22988
23021
23033
23038
23069
23077
23085
23092
23110
23129
23144
23154
23164
23168
23169
23194
23202
23211
23212
23237
23258
23259
23278
23290
23296
23312
23359
23367
23374
23383
23423
23448
23455
23546
23589
23621
23657
23688
23693
23695
23710
23714
23739
23767
23772
23774
23780
23826
23879
23892
23900
23930
23958
23959
24000
24010
24065
24088
24096
24141
24144
24164
24193
24225
24256
24267
24303
24351
24368
24372
24411
24476
24501
24562
24618
24628
24644
24651
24662
24702
24722
24732
24762
24766
24790
24799
24839
24882
24887
24901
24926
24946
24993
24993
25013
25022
25065
25069
25078
25094
25203
25247
25322
25324
25349
25406
25459
25526
25552
25575
25586
25606
25631
25658
25733
25796
25812
25838
25882
25908
25958
25958
25959
25999
26104
26134
26165
26246
26258
26261
26261
26277
26303
26329
26341
26360
26382
26420
26499
26528
26543
26564
26886
27082
27145
27420
27433
27456
27641
27688
27852
27916
27952
27981
28154
28186
28399
28428
28632
28741
28773
28790
28898
29172
29183
29311
29457
29866
29955
30080
30404
30421
30422
30466
31073
31310
31670
32514
32535
32570
33574
33693
33913
33989
35818
38369
39464
