      Tig     Reads    Length         Area  Memory GB  Partition    Data GB
--------- --------- --------- ------------  ---------  ---------  ---------
        1      1698    994770   1689119460      0.949          1      0.008
        2      1322    790107   1044521454      0.754          2      0.006
        3      1102    628492    692598184      0.599          3      0.005
        5       963    504483    485817129      0.481          4      0.005
        6       625    372045    232528125      0.355          6      0.004
        7       516    299033    154301028      0.285          7      0.005
        8       264    186243     49168152      0.178          6      0.004
        9       463    264052    122256076      0.252          7      0.005
       10        20     14082       281640      0.013          4      0.005
       11       231    144475     33373725      0.138          8      0.001
       12       815    470573    383516995      0.449          5      0.004
       13         1     24926        24926      0.024          4      0.005
       14         1      9314         9314      0.009          4      0.005
       15         1     13753        13753      0.013          4      0.005
       16         1     17607        17607      0.017          4      0.005
       17         1      1443         1443      0.001          4      0.005
       18         1     14574        14574      0.014          4      0.005
       19         1      1556         1556      0.001          4      0.005
       20         1     10202        10202      0.010          4      0.005
       21         1     16881        16881      0.016          4      0.005
       22         1     14368        14368      0.014          4      0.005
       23         1      1757         1757      0.002          4      0.005
       24         1     18381        18381      0.018          4      0.005
       25         1      1926         1926      0.002          4      0.005
       26         1      2671         2671      0.003          4      0.005
       27         1      2262         2262      0.002          4      0.005
       28         1      7813         7813      0.007          4      0.005
       29         1     14784        14784      0.014          4      0.005
       30         1     14462        14462      0.014          4      0.005
       31         1     33574        33574      0.032          4      0.005
       32         1     19829        19829      0.019          4      0.005
       33         1     15757        15757      0.015          4      0.005
